########################### pred ###########################
tensor([[[ -8.5360,  -9.2750,  -9.1087,  ...,  -8.0927,  -7.7229,  -8.4585],
         [-11.7552, -12.0650, -10.4336,  ..., -11.1935, -11.0985, -12.4598],
         [-12.8591, -12.2500, -11.3401,  ..., -12.4885, -13.0096, -12.4458],
         ...,
         [-10.7548, -10.0842,  -9.3532,  ..., -10.8738, -10.7073,  -9.2262],
         [-10.8440, -10.3187,  -9.5603,  ..., -11.1441, -10.9260,  -9.3845],
         [-11.0945, -10.5198,  -9.7579,  ..., -11.2288, -11.1768,  -9.5582]],

        [[-12.1874, -12.4257, -11.6748,  ..., -11.8960, -11.4977, -12.1847],
         [-10.3991,  -9.5932,  -9.1072,  ..., -10.3429, -10.4247,  -9.7888],
         [-10.9730, -10.1211,  -9.6176,  ..., -10.8432, -10.7655, -10.4194],
         ...,
         [ -8.1781,  -7.6701,  -7.2238,  ...,  -8.5521,  -7.9772,  -6.9015],
         [ -8.2517,  -7.6242,  -7.1601,  ...,  -8.4763,  -7.9789,  -6.7848],
         [ -8.6646,  -8.0348,  -7.3301,  ...,  -8.8927,  -8.3978,  -7.3440]],

        [[-10.4439,  -9.9980,  -9.6377,  ...,  -9.4537,  -9.4487,  -9.9937],
         [-11.6005, -12.0013, -12.0314,  ..., -12.2192, -12.2121, -11.8761],
         [-11.0928, -10.8242, -10.5622,  ..., -11.1403, -11.8486, -10.6728],
         ...,
         [-10.4745,  -9.9992,  -8.7685,  ..., -10.6162, -10.3283,  -8.7666],
         [-11.4252, -11.1822,  -9.5573,  ..., -11.4741, -11.2210,  -9.9488],
         [-10.6170, -10.4130,  -8.9824,  ..., -10.8198, -10.5008,  -9.3345]],

        ...,

        [[ -8.4244,  -8.5160,  -8.7193,  ...,  -7.8069,  -8.0280,  -8.7782],
         [ -9.3013,  -9.1843,  -8.6687,  ...,  -9.5097,  -8.3614,  -8.4972],
         [-11.8213, -11.8727, -11.5307,  ..., -12.5277, -12.4002, -11.5120],
         ...,
         [-10.6303, -10.0645,  -8.7857,  ..., -10.2512, -10.2499,  -9.3976],
         [-11.5341, -11.1121,  -9.7047,  ..., -11.1608, -11.2827, -10.3099],
         [-10.7622, -10.2427,  -9.0482,  ..., -10.3275, -10.5511,  -9.3469]],

        [[-11.3251, -12.0602, -11.6703,  ..., -11.8285, -11.7552, -11.1804],
         [-10.8405, -10.3389, -10.0751,  ..., -10.5027, -10.9458, -11.1353],
         [-12.3970, -11.6636, -11.6719,  ..., -12.7408, -12.2008, -12.8355],
         ...,
         [-10.1370,  -9.8503,  -8.9704,  ..., -10.1110, -10.4447,  -9.0720],
         [-10.3799,  -9.9915,  -9.0418,  ..., -10.1459, -10.2769,  -9.2249],
         [-10.0869,  -9.6921,  -8.7506,  ...,  -9.9911, -10.1236,  -8.7850]],

        [[-10.3063, -10.7256, -10.5612,  ..., -10.6086, -10.2576, -10.3352],
         [-10.8121, -10.7152, -10.7222,  ..., -10.7489, -11.0778, -11.3566],
         [-12.4679, -12.5124, -12.2492,  ..., -13.3873, -12.6091, -13.2919],
         ...,
         [-10.0636,  -9.8650,  -9.1001,  ...,  -9.8066, -10.1205,  -9.1894],
         [ -9.8426,  -9.5475,  -8.7731,  ...,  -9.6435,  -9.8669,  -8.8369],
         [ -9.9714,  -9.6767,  -8.9038,  ...,  -9.7756,  -9.8856,  -8.8358]]],
       device='cuda:0', grad_fn=<_DDPSinkBackward>)
pred shape:torch.Size([25, 399, 287])
########################### label ###########################
tensor([[13,  4,  5,  ...,  1,  1,  1],
        [ 4,  4,  5,  ...,  1,  1,  1],
        [12, 10,  5,  ...,  1,  1,  1],
        ...,
        [21, 11,  5,  ...,  1,  1,  1],
        [ 7,  9,  4,  ...,  1,  1,  1],
        [ 7,  9,  4,  ...,  1,  1,  1]], device='cuda:0')
label shape:torch.Size([25, 399])
########################### valid_len ###########################
tensor([106,  49, 153, 224, 261, 122, 155, 198,  40, 161,   9,  52,   8,  98,
         95,  98, 136,  61,  44, 136,  56, 125,  98,  21,  19],
       device='cuda:0')
valid_len shape:torch.Size([25])
########################### weights ###########################
tensor([[1, 1, 1,  ..., 0, 0, 0],
        [1, 1, 1,  ..., 0, 0, 0],
        [1, 1, 1,  ..., 0, 0, 0],
        ...,
        [1, 1, 1,  ..., 0, 0, 0],
        [1, 1, 1,  ..., 0, 0, 0],
        [1, 1, 1,  ..., 0, 0, 0]], device='cuda:0')
########################### unweighted_loss ###########################
tensor([[ 1.8430,  0.0305,  0.1446,  ..., 10.0842, 10.3187, 10.5198],
        [ 0.0318,  0.7807,  1.6692,  ...,  7.6701,  7.6242,  8.0348],
        [ 1.1340,  0.1973,  0.1253,  ...,  9.9992, 11.1822, 10.4130],
        ...,
        [ 0.8498,  0.6715,  0.0940,  ..., 10.0645, 11.1121, 10.2427],
        [ 0.0211,  0.1663,  0.0320,  ...,  9.8503,  9.9915,  9.6921],
        [ 0.0527,  0.0682,  0.0181,  ...,  9.8650,  9.5475,  9.6767]],
       device='cuda:0', grad_fn=<ViewBackward0>)
########################### weighted_loss ###########################
tensor([135.6922,  51.4575, 197.5011, 312.6226, 340.3416, 124.2375, 178.6712,
        266.2061,  36.3588, 202.1882,   9.8811,  50.5837,   8.7479, 112.3628,
        116.4554, 108.1322, 182.1845,  56.8010,  50.6826, 120.6697,  57.8452,
        126.9129,  97.4131,  14.8015,  12.5691], device='cuda:0',
       grad_fn=<SumBackward1>)