########################### pred ###########################
tensor([[[-15.7238, -15.5463, -15.8316,  ..., -15.7079, -15.5998, -15.4254],
         [-15.7174, -15.5402, -15.8208,  ..., -15.7036, -15.5854, -15.4180],
         [-15.7004, -15.5277, -15.8170,  ..., -15.6911, -15.5783, -15.3980],
         ...,
         [-15.6907, -15.5355, -15.8246,  ..., -15.6910, -15.5775, -15.3914],
         [-15.7290, -15.5543, -15.8369,  ..., -15.7130, -15.6001, -15.4247],
         [-15.6760, -15.5116, -15.7871,  ..., -15.6708, -15.5634, -15.3725]],

        [[-15.7725, -15.6057, -15.8842,  ..., -15.7744, -15.6606, -15.4622],
         [-15.6852, -15.5118, -15.7954,  ..., -15.6684, -15.5556, -15.3884],
         [-15.7611, -15.5916, -15.8928,  ..., -15.7486, -15.6308, -15.4592],
         ...,
         [-15.7384, -15.5668, -15.8535,  ..., -15.7358, -15.6159, -15.4284],
         [-15.7059, -15.5535, -15.8431,  ..., -15.7106, -15.5944, -15.4005],
         [-15.7014, -15.5240, -15.8095,  ..., -15.6860, -15.5805, -15.3949]],

        [[-15.6947, -15.5356, -15.8091,  ..., -15.6981, -15.5832, -15.3945],
         [-15.7188, -15.5357, -15.8279,  ..., -15.7045, -15.5894, -15.4133],
         [-15.7008, -15.5236, -15.8150,  ..., -15.6903, -15.5775, -15.3979],
         ...,
         [-15.6930, -15.5116, -15.8025,  ..., -15.6753, -15.5603, -15.3925],
         [-15.7296, -15.5656, -15.8607,  ..., -15.7203, -15.6045, -15.4229],
         [-15.6929, -15.5200, -15.8068,  ..., -15.6772, -15.5660, -15.3855]],

        ...,

        [[-15.6546, -15.4966, -15.7760,  ..., -15.6636, -15.5461, -15.3489],
         [-15.7010, -15.5251, -15.8130,  ..., -15.6941, -15.5846, -15.3999],
         [-15.7289, -15.5593, -15.8451,  ..., -15.7218, -15.6085, -15.4240],
         ...,
         [-15.6994, -15.5258, -15.8115,  ..., -15.6826, -15.5692, -15.4036],
         [-15.6708, -15.5068, -15.7841,  ..., -15.6693, -15.5540, -15.3639],
         [-15.7278, -15.5603, -15.8429,  ..., -15.7253, -15.6070, -15.4179]],

        [[-15.7243, -15.5540, -15.8361,  ..., -15.7140, -15.5986, -15.4227],
         [-15.7278, -15.5613, -15.8405,  ..., -15.7222, -15.6126, -15.4189],
         [-15.7544, -15.5838, -15.8796,  ..., -15.7368, -15.6223, -15.4553],
         ...,
         [-15.7419, -15.5718, -15.8514,  ..., -15.7326, -15.6238, -15.4372],
         [-15.6804, -15.5186, -15.8014,  ..., -15.6809, -15.5664, -15.3859],
         [-15.6981, -15.5199, -15.8073,  ..., -15.6729, -15.5639, -15.3990]],

        [[-15.7484, -15.5816, -15.8815,  ..., -15.7438, -15.6261, -15.4531],
         [-15.7170, -15.5446, -15.8238,  ..., -15.7072, -15.5881, -15.4100],
         [-15.7595, -15.5835, -15.8692,  ..., -15.7535, -15.6365, -15.4460],
         ...,
         [-15.7147, -15.5435, -15.8269,  ..., -15.7042, -15.5897, -15.4118],
         [-15.7077, -15.5382, -15.8223,  ..., -15.7023, -15.5926, -15.4043],
         [-15.6672, -15.4958, -15.7744,  ..., -15.6576, -15.5434, -15.3663]]],
       device='cuda:0')
pred shape:torch.Size([11, 300, 287])
########################### label ###########################
tensor([[ 7,  9,  4,  ...,  1,  1,  1],
        [ 4, 44,  5,  ...,  1,  1,  1],
        [13, 17,  5,  ...,  1,  1,  1],
        ...,
        [ 8, 10, 14,  ...,  1,  1,  1],
        [ 8, 10,  5,  ...,  1,  1,  1],
        [27, 11,  5,  ...,  1,  1,  1]], device='cuda:0')
label shape:torch.Size([11, 300])
########################### valid_len ###########################
tensor([ 27,  88,  33, 133, 101,  86, 143,  41, 134, 108,  28],
       device='cuda:0')
valid_len shape:torch.Size([11])
########################### weights ###########################
tensor([[1, 1, 1,  ..., 0, 0, 0],
        [1, 1, 1,  ..., 0, 0, 0],
        [1, 1, 1,  ..., 0, 0, 0],
        ...,
        [1, 1, 1,  ..., 0, 0, 0],
        [1, 1, 1,  ..., 0, 0, 0],
        [1, 1, 1,  ..., 0, 0, 0]], device='cuda:0')
########################### unweighted_loss ###########################
tensor([[ 1.9997,  2.7529,  1.9748,  ..., 15.5355, 15.5543, 15.5116],
        [ 1.9754,  7.9449,  1.9038,  ..., 15.5668, 15.5535, 15.5240],
        [ 3.3862,  3.8780,  1.9165,  ..., 15.5116, 15.5656, 15.5200],
        ...,
        [ 2.8683,  3.3522,  3.5835,  ..., 15.5258, 15.5068, 15.5603],
        [ 2.8609,  3.3450,  1.9064,  ..., 15.5718, 15.5186, 15.5199],
        [ 6.0427,  3.3875,  1.9147,  ..., 15.5435, 15.5382, 15.4958]],
       device='cuda:0')
########################### weighted_loss ###########################
tensor([ 77.0848, 254.5295,  83.9766, 361.4308, 274.3128, 235.9866, 390.0533,
        118.4075, 360.0080, 282.6313,  74.2078], device='cuda:0')