2981
2981
2981
2
2981
3693
2981
0
2981
3693
0
2981
4967
2981
3508
2018
3946
2981
3007
3007
4967
3007
4758
3007
3007
3007
4684
3007
3007
4041
2981
1778
2981
3693
3007
2981
0
3693
2981
2724
2981
2724
2724
5095
3002
2724
2981
2724
2724
2827
2018
4041
3693
0
2724
3007
2724
2981
4786
3007
2724
2981
2724
4045
2724
2018
2981
2981
3007
3007
2981
3007
3007
3007
3007
2981
2981
2981
3007
3007
2724
2981
3007
2981
3007
2724
2724
2724
2981
0
2724
4758
3007
0
3007
2
2
3007
2981
3018
3007
2724
4041
2724
3007
3007
4040
3007
0
4758
2981
3007
3007
0
2827
3007
3007
3007
2790
2981
4720
3007
3007
0
3007
3007
3007
2981
4041
3007
3007
3007
3007
3007
3007
3007
3007
3007
4335
2981
3007
2981
3007
3508
2724
2981
2876
4040
3007
2876
2981
3768
1376
0
1376
3007
3007
5095
2981
3007
3007
0
3007
4041
2981
3508
3007
3007
3508
3007
3007
2876
3007
1830
3007
2876
3768
1376
3508
107
3007
4758
4758
3007
3
3007
3007
3007
3007
2981
3007
3007
3007
1376
0
2981
3007
0
2981
1376
2981
1479
0
0
2724
2981
2981
2724
2724
2724
2724
203
2981
2724
2724
2724
2724
2981
0
4786
2018
3768
2724
2724
2724
2724
3007
0
2018
2981
2724
1479
2827
0
2981
2981
2724
1479
5094
2724
4041
2981
2827
2018
2018
2981
2981
2827
2981
2981
1376
2
3508
0
2724
2981
2724
2724
2724
2724
0
4143
0
3508
4758
1479
3508
3998
0
2724
3693
2018
2981
3961
2981
2981
1373
2827
2981
4176
2724
2836
2981
3007
2981
3768
2981
2981
2724
2981
2981
2981
2981
2762
2981
2724
2827
2981
2981
2981
2981
4758
2724
4041
3508
3998
2018
2981
2981
2981
2981
2981
2981
2981
2981
5028
1376
2981
3995
2981
2724
3693
2981
2981
2981
2981
2981
4786
2
3693
2982
2981
2724
0
2018
0
2827
918
2724
2018
2724
2018
2981
2827
3508
3508
2827
0
4626
1479
2981
2018
3508
2827
2018
3693
1479
4758
2018
3508
2790
2724
2981
2018
3768
2724
2981
3693
2018
3693
0
2724
2981
0
2
2724
3436
3058
5042
2724
2981
3508
2981
2724
1376
0
2981
0
2981
3693
2724
2981
2724
3508
2981
2827
2724
2827
3508
2981
2981
1479
3693
0
2827
3693
3693
0
3930
3508
2724
3508
2018
1373
2724
3508
2981
4143
0
2018
2724
0
1376
2724
4758
0
2448
4758
2981
2740
2724
2981
2981
0
2981
2981
4243
4040
2724
2
3693
2724
2724
2981
3007
2018
3995
2724
2724
2435
2981
1479
2724
2981
4758
3007
3
2981
2724
2981
0
2827
4335
0
0
2827
4335
1376
2981
2981
0
2
3995
0
2
2981
2724
0
2981
0
4176
2981
2724
2724
2724
2981
2981
2724
2724
2724
3508
2724
2981
2724
4176
2981
2981
2981
0
3693
1205
2399
2981
2
2981
2981
1479
1479
0
2724
3768
0
4587
1962
2724
3768
2724
2919
0
2981
2724
2724
2827
5075
2724
2981
0
3693
2724
3508
2018
2981
2724
2
0
2827
3693
2724
0
2981
2981
3098
2981
2981
2724
2724
2981
0
2827
0
2
3693
2981
3007
2724
4041
2827
0
2724
2981
2981
2724
3961
0
2018
2981
4758
498
0
0
3693
2981
0
3693
5095
3693
2724
3508
3007
0
3007
0
3693
3693
3007
3693
4786
2724
2
0
4786
2981
0
2981
2724
2018
1479
2981
3693
0
0
3693
3007
2981
498
2724
3693
3508
2981
2981
2018
3058
3508
0
2981
2981
2827
2827
3693
2724
2724
2827
0
2
2724
2827
0
3768
2724
2981
3007
2981
1376
2981
0
2018
2724
2981
2827
2981
3007
2018
0
2724
3007
3508
2981
2827
2981
0
1711
2981
0
2724
4758
4758
2724
1376
0
2981
0
3007
0
0
3007
2724
3007
2981
2981
0
2018
2981
4041
0
974
2724
2724
2724
0
0
2981
0
2981
3693
2018
4041
5028
2724
2018
1376
2724
3693
3693
0
3508
3508
3961
3693
3693
0
0
0
3693
2981
4041
3693
2981
0
2
2981
3693
2981
0
0
4672
0
3508
2981
2981
2981
3007
0
0
2827
1479
2724
2724
2981
2981
1376
3961
0
0
2981
3007
3508
3007
3007
2981
2724
2827
2724
2724
2724
3693
2018
3007
2018
0
0
4786
2876
2724
2981
1479
2813
3693
2981
0
0
3693
2018
2018
2018
2018
4758
2827
2018
4041
0
2981
2668
1479
2
2018
1948
2724
0
0
1479
2827
4041
2981
0
2018
2981
2724
1479
0
2724
2018
3693
3508
2827
2827
2724
2724
2724
2
2981
0
2981
2827
2724
2724
2018
0
2981
2724
0
3
2724
3508
2724
0
2981
3693
3007
918
918
918
3508
3693
2827
2981
3124
3693
2981
2981
2724
2981
0
2724
3508
498
3869
0
3995
1479
2981
2724
2981
2981
2981
2981
2981
2981
2981
2981
2981
2724
2981
3508
2724
2724
2724
2981
2981
2827
2981
2724
2724
4536
2
2981
1479
2724
0
2018
2827
3124
3693
3007
2981
4176
3007
4041
3007
2724
2827
2827
2827
2827
2827
2827
2827
2724
2018
2724
2724
2724
2018
2724
2724
2724
2018
0
2724
2724
2981
0
0
2981
2
2790
2724
0
0
2981
0
0
3
2827
2981
2981
2724
2018
1479
0
0
0
2018
2724
4041
2018
2724
4758
2724
2396
0
0
0
2981
2981
0
1479
2018
2018
2
2018
2981
2
3999
2981
0
2981
3768
0
0
2724
2827
2925
2981
0
2981
2018
2018
2724
2827
1479
3007
2981
2981
2018
2724
2018
2018
2018
2724
2018
0
3508
2981
3508
2018
2981
0
1825
2981
2981
2981
4758
1559
4041
0
2827
2
2
5115
2925
0
4786
3007
2724
0
2857
2857
2724
2018
2018
4536
4758
0
0
0
3007
3007
3007
2724
2981
2981
2018
2981
2981
1479
0
2827
4758
2724
2018
3007
2018
2827
2981
0
0
4758
2981
2018
2981
2981
2724
2
2724
2981
0
0
2981
0
2925
4758
2724
2981
2
2827
2018
2827
0
2
0
2925
2724
0
2981
0
3007
3007
0
3007
0
2827
3007
2981
2981
2981
3007
2724
3007
3007
2981
2981
1479
2981
2445
2827
3007
4842
2836
2724
2981
2724
2724
2724
2981
0
1190
2981
4758
3693
3007
0
2981
3007
0
2018
2981
2981
2981
2981
3007
2981
0
3007
3007
2981
2981
3124
3007
0
0
2827
2981
2724
2724
4041
2827
2724
2724
0
2925
2724
2
1479
2981
2981
3508
2724
918
2981
2827
2724
3007
2981
2724
2018
0
2981
2018
2018
0
3007
2018
3007
2724
2981
2724
3007
2724
2724
2836
4758
1376
4041
2981
2981
4041
0
2981
2836
2981
918
1376
2724
0
0
2724
0
1549
4041
2724
2981
1479
3007
2018
2724
2981
4123
3007
2981
2
2981
1376
2981
2724
2724
2295
3007
3007
2981
1565
2981
5094
3007
2018
2981
2018
2724
3007
2981
0
2981
2981
2724
0
2827
1479
2981
1479
2018
2981
0
2685
2827
3693
0
2981
2724
1778
3508
2981
0
4176
2
3693
2981
3007
2724
4243
0
2981
2981
2724
0
3508
3693
1292
0
3508
2981
2981
3508
2018
2981
2981
0
5028
0
2981
0
2018
2018
0
4041
1778
2827
3007
0
2
2724
3007
3007
3007
2018
2981
1479
2981
3508
2981
1479
2981
2724
2981
2827
3007
2981
3007
0
2724
2981
0
2724
2
2827
2018
4760
5028
3508
1479
2520
2018
2724
0
3007
3007
0
0
3508
3124
2018
2827
2981
2981
2724
3693
2981
2827
4040
3693
2981
2828
3999
2724
2793
2724
2981
2981
4041
2981
0
2981
2836
2396
2981
3693
3693
2981
2724
2981
2981
2724
0
2724
2827
2981
4758
2981
2827
2724
3508
2724
3007
2981
2827
952
2724
2827
3693
2018
2
2981
2724
2981
2018
0
3007
0
0
2724
2981
2981
2981
3007
1854
974
2827
2018
2827
0
2399
2981
2981
2981
3007
0
2827
2724
3998
2981
974
2724
0
2018
2981
3007
2981
2981
3007
3007
2018
5095
2981
1479
2018
3007
2827
2
1830
2981
2981
3007
2981
4041
2981
2981
2981
3007
2981
2981
2724
4041
0
2981
2981
107
0
4176
107
2981
4953
2981
3007
2018
2981
4967
3007
2981
4111
2018
2724
3007
2724
2724
2981
2827
2981
2827
3007
0
0
4386
2724
2981
2981
2827
4758
3007
3007
4758
3508
2981
2981
2018
2981
2724
2981
4955
2981
1479
5102
3007
2018
3693
1376
2724
0
3007
2827
2827
3007
2981
3007
2
2827
2790
2981
2724
2981
2724
2827
3007
2981
2
2981
2724
4616
0
2981
2724
2981
3693
0
2724
0
2981
2981
2018
3693
2724
1553
0
0
2876
3124
2981
2724
3
2724
0
0
3
4758
4758
3508
2018
2
0
3007
3768
2925
3693
2018
2018
3007
0
3693
2981
2018
2724
2827
2981
1376
2981
2724
2981
2981
3693
2018
3007
2981
2018
4786
2018
3693
2018
3693
2724
2981
2724
2018
2018
3007
1373
2724
2981
0
0
2981
2981
2981
2018
0
2981
2981
2981
2981
2981
2724
1479
2018
3768
3007
2018
2981
2981
2981
1778
3007
2018
2981
2981
3999
2981
1479
0
0
4758
2981
2827
0
3693
3693
2724
2724
4966
4041
2876
3693
4758
3508
2981
2981
3693
3693
0
3693
2981
2724
3999
2981
3007
2981
3007
0
2724
0
0
2724
1479
0
3693
3693
2724
1174
2981
2981
0
2724
1795
5095
4786
3999
0
2981
1909
1511
2981
1376
2724
1778
0
0
2981
2018
2724
3508
2
1373
3007
2724
3508
0
3508
0
2981
2981
0
2724
2981
2981
3999
2827
2827
0
0
0
2724
2827
2981
0
0
2018
2981
2981
2981
2724
2448
5115
2981
3693
2981
2981
3007
2981
2724
1376
4786
1479
2668
2520
0
5028
0
0
2981
2
2981
2827
2724
2828
2981
2981
2724
107
2724
2724
1376
3693
3508
2724
3693
2981
0
2981
3007
2724
2981
2304
2724
2836
3007
3007
2827
3007
2919
3007
2981
2981
0
0
2981
0
2827
3007
0
5042
2724
2
1479
2018
0
4758
2981
3007
2981
2981
3007
1479
3007
2724
2724
2981
2981
1376
0
0
0
0
2981
3007
2981
5028
0
2981
2827
4176
2724
1376
0
2724
2724
2827
2981
2018
2018
3508
1479
1376
3693
4176
3768
4616
0
3693
1376
1376
1376
3007
3
2724
2981
1205
2018
3508
4243
0
2724
4041
3508
2018
2018
4758
4967
3693
2981
4758
2724
3508
3508
5095
0
0
0
2827
3508
3693
2018
2981
2827
2
2981
2724
0
4786
2724
0
2981
3007
2724
2724
2827
2724
2018
4243
1511
2724
3693
0
2724
1479
0
0
2981
2724
2981
2981
2724
3007
2981
2724
2724
2981
3508
4123
2029
2981
4758
1010
2981
0
4040
4041
974
2724
2724
2827
5028
4758
3768
0
0
0
0
1376
2981
2724
2827
0
3508
918
3508
3
918
3508
2724
3693
3508
2724
2981
2981
2724
2724
0
2018
2724
0
2981
3693
0
0
3693
3693
2981
0
0
0
3693
3693
0
3693
3508
2018
2981
0
3508
2724
3693
1376
0
3693
0
3693
2724
2981
3508
0
2981
2018
2724
2981
2724
2724
3693
3693
2919
2827
2981
0
0
3007
3768
1479
3693
1479
1376
5028
2724
2724
2
2981
4041
0
2
2
2
2
3693
0
2018
0
2981
2981
2724
2827
4587
4587
0
3693
1376
2981
3508
3693
2981
3693
2740
0
0
2018
2827
2981
3508
0
2724
0
2724
2018
2724
2724
2724
2724
2827
2827
2981
1376
2981
3508
2724
0
2876
2724
2018
2981
4955
1376
2724
3508
3508
2827
2724
974
0
3007
0
3508
3508
2981
2981
2981
2827
2827
3693
2827
2018
2018
4758
3693
3768
1479
2827
0
4967
2827
2827
2827
2827
2828
3693
0
4041
0
2827
2981
5028
2981
2981
2451
3508
2981
2827
3693
2827
0
2827
974
2724
2018
2981
3007
2981
1292
2724
2724
2981
2981
3508
2981
0
4243
2981
2
4786
3693
4326
1376
498
1376
1010
2
5094
3058
0
2
0
2724
2981
2018
2018
0
3693
3007
2827
3768
2981
2724
1479
2018
5042
2981
2724
2018
2724
4536
1963
0
2981
0
2981
2724
2724
0
0
0
2981
1825
2981
2018
3508
2724
2724
3508
3508
2981
3007
3508
4758
2724
2724
2724
2981
2857
1376
4041
0
0
2724
0
0
0
0
2981
0
0
0
2018
0
0
2724
2724
0
937
0
3693
0
0
4123
2981
2981
2724
2981
1205
3693
4758
4243
2981
0
0
0
0
2790
2827
1376
0
0
0
2724
3693
2827
4616
2981
2724
0
0
2981
3508
2724
3508
2981
0
2981
2981
2981
4176
4045
1479
1479
2981
2018
2981
3930
3930
3768
2580
1479
0
3693
2827
4176
3693
1205
2981
3007
3995
3995
0
2018
2018
2724
2724
2724
2740
2724
2724
3999
2981
2981
2724
0
1376
3508
2724
2018
3007
2981
4123
2981
3007
2724
2724
3007
2724
5095
1376
2981
2827
2981
2981
2448
2
3508
3508
1376
3508
3693
4041
2981
1488
3508
2018
3693
2018
2827
0
0
3007
4335
0
2827
1373
4041
2018
2018
4386
2827
2981
0
2018
3693
2724
2981
0
1376
2981
2981
3007
2981
2981
0
0
0
3883
3693
2724
2724
0
2765
2827
2827
2827
0
0
2981
3007
2724
2981
2724
2018
2018
2981
2981
4758
2981
4786
2724
2836
2724
2724
2724
2724
0
2724
0
1479
1479
3
0
2018
2981
2981
2981
2724
2827
0
2724
0
5095
2827
3007
0
0
2
3693
2981
0
2724
2433
0
4951
0
4616
2981
2981
2981
4041
2981
2981
3007
4041
3693
0
2
1764
2981
2981
1376
1205
2724
0
0
2724
2981
1376
1830
2724
498
2724
2018
2724
2981
2981
4041
2981
2827
918
3508
0
1479
2981
3508
3007
2981
1376
3961
3124
3007
5112
2981
0
2018
2724
0
3007
2758
2
0
2827
2724
2827
0
0
3508
0
3508
0
0
2827
0
0
0
1376
0
0
1376
2981
0
2827
3508
2981
2018
2827
4616
1376
3961
3508
3508
0
0
918
3693
5042
0
0
1479
2399
4335
1962
2724
0
2981
2396
2396
0
4786
3007
2827
0
3
4176
3
0
0
3007
0
4786
4951
0
0
5095
2981
0
0
5028
0
2018
3508
3693
1376
0
0
2018
2018
3693
0
2827
0
2981
1479
2
0
3508
0
3961
5028
0
2981
2399
4176
2724
0
0
0
2
0
2981
2724
2827
2724
3693
0
3007
3807
0
498
2981
4672
2
2981
2981
4041
0
0
0
0
0
2981
0
2981
0
4243
3
3508
0
2981
2981
4041
3508
0
2981
1479
2981
2981
918
918
0
1479
2724
3508
2827
2724
2724
2827
0
2981
2981
3007
3693
2981
2981
2981
2981
2981
3007
3508
5028
2981
2981
3007
3508
3007
3007
2981
2981
0
2981
2981
2981
3508
2981
3007
2981
0
2981
3508
2981
2981
3007
2981
2827
2981
2981
2981
2827
0
2827
2827
2827
2981
0
2827
2981
2981
2981
2827
2827
2981
2827
3007
2827
2827
0
2018
2981
2981
2981
2981
2981
2981
2981
2827
2981
2981
3007
2981
2981
3007
2981
3007
2981
2981
2981
0
3693
2981
2981
2981
2981
3007
1376
2981
1376
1479
2981
2981
1376
1376
2018
1479
2018
2981
2981
3508
3007
1376
3693
2981
2981
0
2981
2981
2981
2981
2981
0
2981
2981
2981
2981
2981
2981
2981
2981
0
3007
1479
2981
0
2981
0
2981
2981
2981
2981
4123
2740
0
2981
2981
2790
2981
1373
1479
2981
0
0
0
0
2981
2981
2981
2724
0
2827
2981
2724
2827
2827
4786
2981
3
3
0
2981
2724
2724
5076
0
0
0
0
2018
2724
2981
2
2724
2981
2724
2724
3
2982
0
0
0
918
0
0
1479
2724
4955
0
0
0
2724
3508
4123
2
2981
3
1479
1479
2981
2981
0
2981
0
3508
2981
0
2981
2981
2981
2981
1376
3007
1376
3007
3007
0
1376
3
4758
0
2724
3
2981
2981
3693
0
0
0
0
498
2981
1479
2981
0
2981
2981
0
0
0
0
2981
2981
0
0
2981
2981
2981
3007
4041
0
4386
2827
1479
1479
2740
5028
2668
3007
2724
2981
2981
2981
3007
3693
1479
3007
0
1376
2981
2981
2
3007
2981
4123
2827
2981
2981
0
0
0
4786
4786
2981
2724
2981
2981
3508
2981
0
3768
2981
2448
1174
0
2981
2981
2724
2724
2724
2981
2724
2981
2981
2981
4758
2981
2981
2981
2981
2876
0
2981
3007
3007
3007
2981
3007
3007
918
2981
2981
2981
2981
2981
1479
2981
2724
2724
3007
4758
4386
2827
3007
3007
3007
3007
3007
3007
3007
5042
4786
2724
0
0
0
0
2982
0
2790
2827
2827
2827
2827
3007
2724
0
2981
2981
2981
0
2981
2981
2981
2981
918
2981
2981
2981
2981
3007
2981
2981
0
0
0
2981
0
0
0
3693
4040
4040
4040
2724
2981
2981
2981
3007
0
4758
2981
2981
2981
2981
2981
0
2981
0
2981
4758
0
2981
2981
0
2981
4041
2981
2981
2981
2981
0
2981
2981
2981
2981
2981
2981
2981
2981
2981
4040
2981
0
3007
3508
2981
2724
0
2724
3007
2981
3508
2396
2981
1479
2981
3007
4176
2981
2
0
3007
2981
0
3007
4041
2981
3693
3
2981
3007
3007
3007
2724
3508
974
2018
2981
2981
2018
2981
2724
2981
2724
2981
2827
2724
2981
2981
3508
3007
3007
3693
2981
2981
2981
2981
0
2981
2981
2981
3768
2981
2981
2981
2981
3007
2981
2981
3007
3007
3007
2981
2981
2827
2981
0
0
2981
2981
2981
2724
2981
2981
0
2981
2981
2399
2981
0
2981
2981
2981
2981
2981
0
0
2981
0
0
0
2740
2981
1376
1376
1376
2981
2981
0
0
0
2981
2981
2828
2981
1479
1479
1479
0
2981
3007
4041
3007
3693
2724
2981
0
4955
3007
3007
3007
3007
0
2981
2793
2981
2981
2981
3007
2981
2981
2981
2981
2981
2981
2981
2981
2981
3007
2981
2981
2981
2981
2981
3007
2981
2981
2981
2981
2981
2981
2981
2981
2981
2981
1190
2981
2981
2981
2981
2981
0
4176
0
0
1795
0
0
1778
290
2981
2981
2981
2981
3508
3508
0
2399
0
0
0
0
0
2981
918
2981
3693
2981
2981
2981
3007
2981
3007
2981
2981
3508
1557
2724
2724
3007
0
3508
4123
0
0
2981
4386
0
2981
0
0
2981
3007
0
3508
2981
3007
1479
4955
2981
3508
3508
3007
3007
2018
0
1479
3007
1479
2919
2724
2981
3007
2827
3007
3007
2
0
2919
0
2981
2981
2981
2981
4758
2827
2981
3508
3007
4958
1376
2724
2981
2981
3007
0
2981
0
0
3508
2981
2981
2981
2981
2981
2981
2981
2981
2981
3007
0
2295
0
2445
2981
2724
3007
4041
2
3007
3007
3508
3007
4758
3508
3508
3007
4758
4684
3007
2981
3693
2981
3995
0
2981
3007
3007
2827
1479
2981
3007
3007
3007
3007
3007
3007
3508
2827
3693
2981
3995
3995
2876
3768
3768
1376
1376
2724
2724
2724
2724
2981
2981
2981
4041
2981
0
0
0
0
3693
0
0
2724
0
2981
2981
2981
2981
2018
2018
2981
2018
0
2018
0
2981
2981
2981
2975
2724
2724
4176
3961
0
2981
0
2981
4758
2981
1479
3007
4959
2981
3693
3693
2981
3508
3693
2981
3693
3693
2724
2981
2981
1376
3946
4758
2981
2981
2724
1376
2724
3007
2018
2
3693
3693
3693
3693
2981
3124
1205
0
2981
3007
1376
3007
3007
3007
3007
2981
2981
2981
2029
2981
2981
1376
2724
2724
2981
2981
3007
3693
3693
3693
2740
3693
2981
0
2981
1479
2981
2724
4176
4176
4176
2724
2724
4960
2724
2981
2981
2724
2724
3199
2724
1376
1479
1376
4786
2724
3508
3508
2981
2981
2827
3508
0
3961
2724
2981
2981
918
918
2724
918
2981
0
2981
2981
2981
4041
2724
918
2981
0
0
2981
3693
1376
3007
2724
1376
3007
0
3007
2981
0
2981
2724
2018
2724
2981
2018
2724
2981
3007
2981
2724
3508
4041
4041
2724
2981
4041
2981
0
0
0
4041
4041
4041
2724
3007
2724
2981
2981
2981
3007
2981
2981
4758
2857
2724
2724
2724
2981
0
3007
2724
3007
0
4386
2724
2981
1376
2981
2981
0
2724
1376
1479
2981
2981
2981
2981
2018
2981
2724
4953
2981
0
2724
2724
2724
2981
2724
3995
0
2981
2724
2724
2724
2981
2981
1479
2564
0
1479
2724
3693
2981
0
3007
0
3007
0
2849
4956
2724
918
1479
0
3007
2
2724
3199
4786
4041
1791
4616
2724
4616
3693
2724
2018
1565
2018
2018
4041
4176
1479
1479
0
2925
0
2724
2724
3961
3693
3693
2981
2724
2
2925
4758
1479
1376
0
2724
2399
2724
1205
2827
1479
4955
2018
0
0
2018
1205
2827
2981
4954
4758
2018
4758
2981
2981
2981
4758
3007
0
3007
0
3508
2724
3508
2981
3508
0
2981
4386
2724
1795
2981
3693
2827
0
3007
0
3007
4758
2724
2724
3007
0
2724
2981
3693
0
0
3693
3002
3508
2981
3508
2724
2724
3508
3007
3002
2981
3007
2981
2981
2981
2981
3693
2827
0
0
3508
0
4123
3007
2981
2724
4786
1479
0
1479
0
4041
1479
2724
2724
2981
1479
2724
2724
2981
3007
2981
3508
2981
2981
0
2981
2
2981
4758
3508
2018
3007
4758
1479
3693
4758
2981
3508
3693
0
2724
2981
2981
2724
0
2827
2724
1376
2981
0
4758
3007
3508
2
3508
3693
2018
2981
3007
3693
1376
2981
2981
2981
2724
2981
2981
0
2981
2925
2018
0
4951
2981
3693
2981
3508
2827
2724
2827
3508
2981
2981
2018
0
3693
2018
0
4758
2981
2981
3508
2724
2981
974
2981
2981
1557
2981
2
1479
1479
2981
2
3945
2
2981
4786
3508
2981
0
3693
2981
2981
1778
2914
4758
2981
5120
2724
1479
2981
2
2
3693
2740
2724
2
3508
2981
0
2981
4758
3508
2724
2827
2981
2981
0
2981
2981
2981
1376
3693
3508
1816
2724
0
2981
0
0
2724
2981
3693
2724
2981
3693
1376
2981
0
2981
0
2724
4045
3124
2981
0
2018
2724
2981
2018
2981
2981
2820
2981
2981
0
0
1479
2981
2981
2981
3693
2827
0
0
4045
203
2981
3
2857
0
3693
4758
2724
2981
3693
2981
0
4318
5042
1479
0
4041
2724
2981
2981
2724
2981
0
0
2827
0
2981
2981
0
0
2981
937
2981
2724
1479
1479
3
1479
1376
3
2981
2981
2981
2981
2724
0
2981
2876
3693
4758
0
2724
2981
2724
0
0
2981
2981
2981
0
2724
2981
2981
974
0
2981
2981
2981
0
2981
2724
2724
1376
2981
2981
2981
4335
2668
0
2981
2827
3693
4041
4758
2981
2981
2981
2981
3693
3
2
2981
0
3508
2981
2981
0
2876
2018
0
0
2724
2724
2981
2981
2724
2724
2981
1376
0
2981
2981
4758
2981
4041
0
2827
2981
0
2981
2981
2981
4386
4758
2981
2018
3693
0
3007
3693
3508
2724
3508
4176
2724
0
0
2724
0
3999
2790
2981
2018
2724
2981
4951
3508
2018
0
2724
3508
3693
2724
2724
3693
2724
2399
3693
2724
1778
3508
2981
0
2981
2724
0
0
918
0
1479
2724
0
5035
1778
2981
2018
2724
0
4967
4045
2724
2399
2981
2724
0
2724
3508
4786
4967
2724
0
3693
0
2981
0
3693
3508
3508
3508
3508
3508
3508
4967
2
0
0
4955
4786
4951
2981
0
0
0
0
0
0
0
3693
0
0
2724
3693
4967
2724
2018
3693
2981
4967
974
2724
0
3693
0
3693
3693
3508
3693
3693
2724
3693
3436
3693
1479
2981
4967
2981
3693
3693
2018
2981
1479
0
2981
2981
2981
2724
2981
2981
3508
3508
2724
0
0
2399
2827
2724
2981
2981
2724
2018
2981
1479
2981
2981
1479
2981
2981
2790
2981
3007
2981
1479
0
3508
0
3508
2724
2724
2724
2029
2018
0
2981
3007
2981
0
2724
0
2981
2724
2981
2827
2724
0
2029
2827
0
3508
2668
3508
3693
2018
2827
2399
3508
2981
3693
2
3693
0
2724
2981
2828
2724
3007
4123
2981
3007
0
2399
2724
107
2724
2724
2981
2981
4040
2981
4041
3007
3693
2981
1791
0
2981
2981
2724
2724
2724
0
4041
2981
2981
2029
2790
4041
2981
1830
4672
3508
2724
2724
4041
2981
2724
2724
5095
2724
0
1778
1791
3693
2018
2018
2724
2396
2981
0
2827
4041
3508
3693
2827
2981
2981
4041
2981
2981
2981
2981
4041
2
2827
5095
4758
2981
2724
2981
2981
1479
2018
2018
2724
0
3508
3693
4040
0
0
2981
2724
2981
2981
2981
2981
2981
2981
2981
1479
2981
3508
3807
0
2981
4786
0
4111
2981
2981
3508
2724
203
2981
0
2827
2018
2981
2981
1479
2981
3007
2827
2724
4123
0
1909
2981
2724
2981
0
2724
2981
2724
2827
2981
2724
4040
2724
4041
0
2724
2018
4176
4786
3007
2399
2981
2981
2981
2981
4041
2981
2981
2724
2724
2981
974
4041
4041
2724
2724
2724
2724
2724
2724
1479
2724
0
2724
2724
0
2724
2724
4041
4616
3508
2724
2724
2724
2981
2724
2724
2981
2724
2724
2724
2724
2724
2724
2724
2724
2724
2724
2724
1373
2724
2724
2724
2724
2981
2724
2981
2724
2724
2018
2
3693
1479
2724
2827
0
2981
2724
2981
3693
2018
2724
2981
1479
1376
4041
3693
3693
3693
3007
4041
2827
2018
2981
2981
2981
1565
1376
2981
2981
2981
1854
2724
2724
2981
2724
2981
0
2981
3693
0
0
2981
4966
2981
2981
2981
2
2018
2724
0
3007
2981
2724
4958
4786
4958
2981
4041
2724
2981
4758
2564
2981
2981
4041
2981
3693
2981
1795
5028
2981
2981
1778
3007
44
2740
0
2981
2724
0
2981
2981
2981
2981
2981
2981
0
2981
2981
4758
2981
0
2981
4041
2981
2018
2981
2981
2981
4587
0
2724
2981
2724
2724
3
0
2724
4041
2981
2981
2827
0
2981
2724
0
2827
2981
2018
0
3508
1479
2974
4758
4758
4040
4040
3768
2974
4758
2981
2981
2448
4758
4041
2981
3007
2827
2827
2448
5111
2981
2981
4041
3961
2724
2018
0
2724
2827
2981
2981
1479
2433
2724
1376
3693
4758
3508
4041
0
2724
2827
2724
2981
2981
2827
0
0
0
3007
3007
3007
3508
2724
0
3
0
2018
4041
3693
3693
2724
2827
1711
2399
2399
2981
4758
2724
1711
3508
0
0
4041
974
2981
1565
1565
2435
2018
2981
2724
2981
0
3693
2981
4143
2981
3124
4041
0
4041
2981
2724
2981
3007
3508
3436
2827
3508
3693
3693
2982
4176
3768
4041
2018
4758
4041
2724
3
2981
2981
4041
2827
2827
2018
0
3007
0
0
2982
0
2724
2981
0
3693
2724
2724
0
2981
2724
2724
2724
1479
0
0
0
2827
0
0
2724
0
3508
2981
2981
3693
3693
4243
2724
1479
4041
2981
3693
2724
4758
2018
2
2724
2982
2827
4045
2981
2981
2018
0
2981
2981
2981
4040
0
2981
2846
2981
2724
2981
2981
2981
3693
2981
2724
2724
2724
2827
3508
2827
4758
2981
0
0
918
0
0
3508
2724
2724
2981
2827
0
0
2724
2981
3508
107
0
4616
2724
1479
974
3783
0
2724
4041
0
4041
0
0
3768
2981
0
0
1764
4758
4335
2827
2724
2981
2724
4041
4121
4041
2724
0
4967
1779
3508
0
0
2827
974
0
4967
2724
4041
0
3693
2981
0
8
0
0
3693
3693
0
0
4758
0
4111
4760
2724
3508
1373
3693
2981
2724
2724
2018
2981
0
3693
2981
2981
2981
0
2724
5042
2981
2981
1376
2981
3007
3007
2981
2827
498
0
0
2827
4045
3007
0
1376
2981
2981
2790
2304
2018
937
3693
0
0
3693
0
2018
1375
0
2827
2724
2018
2724
1376
0
0
2981
2827
0
2724
2981
2724
2724
2827
498
2925
2724
0
2827
0
2981
0
2981
2981
4041
0
2827
2827
2029
2981
0
2981
1373
4758
2981
2981
0
3508
4041
0
2724
2981
1511
0
4045
2399
2981
3946
1479
2
2981
0
3693
4966
4536
3693
0
0
2827
3693
2724
2018
4672
1376
0
2981
2981
2827
2724
2981
3995
2981
1376
0
2981
918
1479
918
2981
0
2981
0
93
4041
0
1479
2981
2981
2981
2981
2981
0
2018
0
0
2981
2018
0
0
3007
0
1511
4123
1816
0
0
3007
3007
1376
2724
2018
1479
1479
2981
0
1511
0
3693
0
2827
2724
4786
0
2724
0
2668
1376
2
4040
2981
3693
4967
2981
4970
3007
2828
4967
4967
4966
5035
2724
4966
2981
2
0
2564
1511
2981
4760
2981
0
0
3693
2981
2981
0
3693
1376
2981
2
2018
918
2981
4758
3693
0
1373
2740
0
2724
3693
2724
0
2827
2981
3693
2981
2981
2981
3693
0
2724
2759
2724
2827
0
2981
0
0
3508
2018
2827
4786
2448
2827
4041
2981
2981
0
2828
2981
2981
2724
0
0
0
5111
1779
2981
3693
974
3693
0
4041
2981
0
0
4045
4335
0
2827
3007
3693
2724
3007
0
3007
4758
2981
0
2981
2981
3508
3508
3693
0
3508
1511
2836
2724
2
2724
3508
2981
2018
3007
2
0
2724
2981
2018
3693
0
5115
2981
3693
0
3508
3693
2724
0
3508
2724
2827
5028
3693
3007
5094
2827
2724
4758
4041
2827
3508
1376
2981
3058
2981
2724
3961
2724
2724
4966
2724
2724
2981
3007
2724
3007
3693
2724
3007
3007
0
2827
1764
4967
2724
4041
3058
2981
2981
2981
2724
2827
2724
3007
4967
0
2724
2925
1778
1479
2981
4040
4758
0
4966
3508
1711
2
1479
1778
2724
0
2981
2018
3995
2981
2740
1376
2981
0
2981
4672
1479
2981
4786
2724
2981
2
4123
2029
3693
2981
0
2981
3508
2982
4786
3007
2827
0
0
2981
2724
2981
2981
3508
0
3508
2724
2925
2018
0
5028
2916
2029
2740
0
2724
3007
2
2827
2916
0
2981
3121
3007
2981
2981
0
0
3508
0
0
0
3007
2876
3007
2981
2724
2724
3007
2
2724
2724
4121
2981
4960
2
3007
2724
2724
918
0
0
4041
0
4041
0
2827
0
3508
2740
2981
1479
2724
1830
1479
2724
4176
2724
2981
3007
2981
0
0
0
2981
0
0
3007
0
3007
1376
2724
0
4045
3007
2
2685
3007
2018
3007
2018
2724
2724
0
0
4786
2981
3007
3693
2827
1511
2724
0
2724
3693
3693
3007
2981
0
2981
2827
2846
2827
4786
2981
2981
2981
2981
2018
0
3007
2981
2981
2724
0
4335
3007
0
3007
3007
2981
2724
2981
2827
5111
1479
1778
2981
4842
3693
2981
3058
2981
2981
2981
2018
2018
2724
3693
1479
3508
3693
2981
2981
2981
2981
2827
0
2981
3007
2981
2029
2981
3693
1479
2981
3007
4041
1479
2827
0
0
2981
2981
2827
4041
2018
2
2018
3693
2018
2724
2740
4041
0
2448
4111
0
2724
3693
2981
2981
1376
3007
3007
1010
2981
2981
0
3961
2827
2827
3768
0
2724
2
0
2018
4758
1479
0
0
3768
2827
3693
2827
4041
2981
2018
2827
3007
3693
2981
2981
2981
1511
3768
4758
3007
2981
4758
2981
2740
2981
2981
2981
991
2981
4041
2724
3930
2018
2724
3007
2981
4041
0
2981
1479
4356
2827
3693
3508
2018
2724
2981
3693
0
0
1479
0
3007
3768
2
2724
2981
3007
0
2827
2724
2981
4786
2399
2724
0
4960
5042
4041
1825
2724
2724
3124
4758
2018
2981
2981
4786
3508
2982
2982
2919
2919
0
2724
3007
4176
1479
2827
918
5035
2981
2724
0
1479
2724
2724
3508
2724
2724
2827
3693
4951
1479
5028
2981
0
0
3508
0
1511
2724
2981
3007
2981
2981
3007
0
2724
2981
2827
0
2724
2724
2981
2724
0
2724
5042
3693
3007
3693
2981
0
0
3124
2981
0
0
2724
2724
3693
2827
2724
4041
2914
2018
2981
2981
2981
2981
2981
3508
2981
3007
4587
3007
2724
2981
2981
2981
0
2981
3768
4758
0
5095
0
0
2981
2399
2981
2981
1511
3508
2981
2827
2827
4758
0
2981
2981
2018
2827
0
2981
2981
2981
2981
0
2981
2981
0
3508
0
0
0
1479
3508
0
0
2018
0
3007
3007
3007
2981
2981
2981
2827
2724
2724
2018
3693
0
3693
0
2981
2981
2981
2724
0
0
1479
2724
2724
2724
3508
3508
4951
0
3508
2981
2018
3508
3693
2827
2981
2981
1376
3693
0
2827
3693
0
0
2724
0
3693
3693
3693
2981
3693
2018
3007
3508
3508
0
2029
2724
2724
3693
3693
0
2981
2724
2724
2724
2981
2981
2981
3693
3007
0
2724
2981
3508
2981
2981
4758
3007
3007
3007
918
1479
2724
3768
3768
0
2724
2981
0
1479
2724
2981
2981
2981
2724
2981
2433
2981
2724
2828
3508
5111
4041
2981
2981
3508
2981
2981
2981
4684
0
0
1479
1479
2981
2981
2724
2724
3007
2724
2981
2981
2981
2724
2981
2981
1479
2981
3007
2981
2981
2981
3693
1778
1948
2981
2981
2981
3693
0
2981
2981
3508
2827
4786
2981
2724
4041
0
0
2018
2668
2724
2981
2981
0
0
2448
3693
2724
2018
2724
1778
2827
2724
2724
2981
0
0
0
0
0
0
1479
2981
0
3508
2
2724
2827
0
2018
2981
2981
3007
3007
2981
3007
0
2981
2724
2
4587
0
2724
2827
3508
1816
918
2981
2981
2981
2981
2981
2981
2981
2981
203
2981
2981
1376
3508
937
2724
4041
2981
2018
0
3508
2018
3508
3508
2981
918
3508
3508
918
3508
2981
2724
2724
2981
2724
3508
0
2981
2981
4041
2827
1376
2724
1479
4758
4966
2018
3007
2981
2827
2724
3693
2981
3693
0
2981
4967
2981
0
2
0
0
1963
2018
2827
2981
1549
0
2827
2827
2981
1375
0
2981
4758
3693
4040
3693
4786
3693
3693
2018
3007
0
1549
2724
4758
0
3508
3768
3508
4176
2981
2018
2981
2981
2981
3693
0
2724
2724
2981
2981
2
2981
1376
3693
3693
2981
0
4263
2981
2981
3693
2724
0
3693
3508
3124
0
2981
3508
3693
2981
2724
3508
2
0
3961
2981
3693
3508
2724
2724
2724
0
4335
2981
2981
2981
2981
2981
4951
3007
3007
2724
2981
2981
2981
2724
0
2724
2304
0
3693
1190
0
0
2981
2724
2724
2724
0
2724
3693
2981
3508
2827
937
3768
0
0
0
1479
2981
2981
2827
2981
2724
2724
2981
2981
2
2981
1479
2981
1479
2981
498
2303
3508
5028
2724
2399
5095
1376
3508
0
2981
1479
1479
1479
2981
1479
2981
2827
3693
4041
0
0
2724
2827
2981
1010
2981
2981
0
2981
1479
2981
2018
3961
0
0
3693
0
4041
2018
0
2724
2724
3693
3007
0
1376
2981
2724
2724
2724
2724
0
3693
2759
2724
2724
4041
2018
2724
2724
3508
0
0
0
0
2827
5115
0
2981
2981
2981
2981
2724
2981
3946
918
4041
0
2827
2827
3007
2018
2981
2018
2018
3693
2981
2724
3693
0
0
290
1778
2981
3693
0
1376
2018
2827
2827
2981
3768
2981
0
2981
2724
2981
0
4786
4123
2018
2018
0
0
2724
2724
2018
937
2724
2981
2724
0
2724
0
2724
2981
0
0
2018
2018
2981
2724
203
2018
2724
0
4041
1539
3508
2981
2827
2724
2827
498
3508
3508
2981
2981
2827
0
0
2724
2981
2981
2724
2981
3693
2724
2828
2981
2018
0
918
2
1479
2724
4672
2981
2981
2981
0
2981
4536
2981
2981
2724
2724
2303
0
2981
4176
0
2827
2724
974
0
2018
2981
2981
4749
2724
4041
3693
3995
2724
2981
4041
2724
2827
2724
3124
1376
2981
2724
2981
2981
0
0
0
2668
2
2919
2981
3693
2981
0
2724
2
2981
3
2
2740
3693
2827
3
0
0
0
2685
3693
2724
2724
3508
3693
2724
2981
2981
3693
2981
2399
4041
2724
1479
2018
1373
2827
5028
1772
4123
2981
2724
0
5076
2981
2827
2724
0
0
3508
3508
3508
4041
2724
2724
5028
2827
2981
3693
0
4758
3508
2925
2018
2724
2827
2981
4955
2724
1479
2981
1778
0
2981
5035
2981
3508
2018
0
2
3508
2724
4040
4176
4758
5057
2724
3007
3007
3007
4758
1791
2981
2981
974
2981
2981
2981
3007
2981
2981
2981
3007
2981
2981
2981
4335
0
2724
2724
4040
3007
3693
2724
2981
2396
3007
3508
3007
0
0
2981
3007
3007
0
3007
1511
2981
2
3
2925
3
4967
2981
1511
3007
1711
2724
3007
3007
3
3007
0
3007
1479
2724
3007
3007
1479
4956
1479
0
4959
3007
0
1511
2981
2981
2981
4758
3508
0
0
2018
2981
4955
2724
4386
4967
2724
2724
1479
2724
0
4967
3693
2827
3693
3508
1376
3693
3007
2724
3693
2981
2018
0
0
0
0
2981
2981
2018
4955
0
3508
2724
2724
2981
0
0
2981
4587
4786
2981
3946
0
2018
3693
0
2724
0
2724
3508
3508
2018
0
2724
2981
2981
2724
0
0
0
0
1479
2
3693
3508
2981
3508
3508
2018
2724
2
1479
1479
1190
0
0
3693
3007
0
0
2827
974
3768
2981
2724
3693
1479
0
2724
2724
0
3007
2018
2724
2724
2018
2724
3693
3007
2981
3508
3508
4758
2724
5115
2836
3693
2724
4758
3007
4176
2724
2399
2724
1479
2724
2827
2827
3007
2981
0
1479
1816
0
2724
1479
4386
2827
2724
3007
2724
2827
2018
2018
0
974
3693
0
2981
0
2827
2724
2925
0
3508
2018
4176
3508
3508
2724
0
2981
2018
2018
2790
1479
2018
2018
2827
0
2981
3693
0
2827
0
2981
2724
3007
2724
2
1479
2981
2018
2724
3436
3693
2981
5028
4758
4041
2982
2018
2827
0
2018
2981
2724
2724
2827
0
2876
2981
3007
2981
2981
2827
2827
3007
2827
2724
2981
2724
2981
2981
2724
2981
2981
2018
0
2981
3007
1376
2981
0
2724
0
2018
2827
2827
2018
3007
2981
2724
2724
3930
3007
2724
0
0
0
3508
3508
2827
2827
2827
1479
4955
2724
3007
3768
3007
2981
3007
3807
1479
3007
3007
2813
0
3007
1778
3007
2724
2018
2981
2724
3007
3508
0
2981
2981
3693
3007
2981
3007
1376
3007
4041
3007
3007
2981
0
2981
3
3007
3007
1376
2724
0
2981
1479
2981
3007
5076
2981
4045
2981
2981
2981
3508
3124
1479
3508
2981
2018
3693
2018
2724
2981
2981
3007
2981
2981
4967
3007
3007
2790
2981
2981
2827
2981
2
1376
3007
2981
4955
2981
2981
2724
1479
4955
3693
2981
2981
3693
2981
2724
3007
3693
1778
3
0
2981
0
3508
2981
3007
2981
1376
2981
2981
2451
2981
2724
2018
2981
2981
3007
0
2790
2018
2724
2981
2018
2443
2981
4960
0
0
2981
2981
0
2304
0
2981
0
2018
2448
2981
1479
0
2724
0
0
0
2782
0
2399
0
2399
2981
0
0
0
0
0
0
2981
1479
498
2827
0
2724
0
0
4955
0
2981
2724
2981
2981
2981
498
2981
0
0
2981
0
2981
2981
2981
0
2724
4951
1711
0
2724
0
0
3007
3007
2018
2724
2724
1557
4827
2018
2981
4955
2399
0
4041
498
2981
2925
2724
4955
2399
0
0
0
2724
4176
4041
0
0
0
4758
2981
0
2724
0
2399
0
1283
2724
1479
1479
0
2981
3508
4041
3508
5095
1711
498
0
3508
2724
498
2981
2981
498
2981
3007
2981
0
2981
1479
2981
2981
2018
0
2981
2981
2981
2981
2981
2981
0
3007
3007
2981
2724
3999
0
0
2724
1479
2724
0
3508
3007
0
0
2981
0
3508
2981
0
3007
3007
2724
1479
2765
3007
0
2724
2981
2451
2981
2724
2981
3007
2981
2018
2981
2981
1376
1376
3007
3007
3007
0
4866
3508
3007
3007
2981
2018
4041
2724
2018
2724
3508
0
0
2981
2018
0
1376
2018
2827
1376
3007
4967
4041
2981
2724
4758
2981
2981
2981
2981
2981
3007
2981
2981
2981
0
0
2981
2981
2981
0
2981
2981
2759
4758
2018
4587
2827
2724
3508
1479
0
3693
2018
0
3508
2790
2724
2981
2790
0
3102
2790
1479
2981
2925
0
2668
4786
2724
2981
2724
2981
2520
3508
4960
0
2981
2018
4758
5095
2813
3508
0
3007
0
3961
2827
2
2724
2018
0
0
2
0
1479
4758
1376
3
2399
2724
1479
2981
1479
3007
2981
2018
2018
0
3508
2827
0
3007
2724
2
2724
0
2981
2018
2724
2724
0
2724
2724
0
2827
3007
3007
3007
1376
2981
2981
0
2981
3007
2981
2981
1479
2981
0
2724
4041
3693
2724
2724
3693
3693
4958
2724
2724
0
2981
4866
0
0
0
2827
0
0
0
0
2981
1479
2724
2981
3007
2981
0
1778
0
0
2
1479
2564
0
4758
2827
2981
0
0
4041
2724
2981
0
0
0
1373
0
0
3007
3007
2981
5035
107
0
2981
1479
3007
3007
498
1376
1376
2758
2827
1557
1373
0
0
1479
4955
5028
3508
2827
3007
2724
2827
2724
3693
2724
0
2981
1557
3508
1373
1376
2724
2981
2724
1376
2724
2827
2981
2018
2724
2981
