2981
2981
3404
0
2981
3693
1372
0
1372
3693
0
1372
4967
3900
0
2018
3772
3961
3007
3007
3459
3007
4758
3007
3007
3007
1559
3007
3007
4041
3007
5094
3900
3693
1372
2981
0
0
0
2724
2981
2724
2724
0
2288
2724
2981
2724
2724
2827
2018
4041
3693
0
2724
3007
2724
2981
0
1372
2724
0
2828
4045
4041
2018
2837
2837
3007
3007
3007
3007
3007
3007
3007
3900
2981
0
3007
3007
2724
4324
3007
3007
3007
2724
0
3508
2981
0
3508
2018
3007
0
3007
2
2
3007
4758
3018
3007
2724
2724
2724
3007
3007
4040
3007
5095
2018
3007
3007
3007
0
2828
3007
3007
3007
2837
3007
0
3007
3007
0
3007
3007
3007
3007
4045
3007
3007
3007
3007
3007
3007
3007
3007
3007
4335
3900
3007
1372
3007
3508
4041
3007
2876
4040
3007
0
3007
2
1376
0
0
3007
3007
5075
1372
3007
3007
0
3007
4041
3007
0
3007
3007
3508
3007
3007
0
3007
1830
3007
0
2
1376
3508
107
3007
4758
4758
3007
3
3007
3007
3007
3007
0
3007
3007
3007
3961
0
4758
3007
0
2981
1376
1372
499
0
0
2724
2981
2981
2724
2724
2724
2018
203
4758
2724
2724
2724
2724
3007
0
3459
2018
3768
2724
2724
2018
2724
2018
0
2018
0
2724
2499
2827
0
2981
0
2018
3772
5094
2018
2018
2981
2827
2018
2018
2981
2981
2827
2018
2981
1376
2
3508
0
2724
0
2724
4966
2523
2724
0
0
0
3508
0
3772
0
971
0
0
3772
2018
2981
3961
2981
2981
3
2827
3900
3930
2828
2836
2981
3007
2981
3413
3900
1592
0
2981
1372
499
2018
2433
2981
2724
2827
2981
2981
2981
2981
4758
2
2018
3508
2876
2018
3404
2981
2981
2981
1372
1372
0
2981
3430
2876
2981
3995
1479
499
0
2981
1372
2981
2981
1372
4243
0
0
5022
2981
2724
0
2018
0
2827
0
2724
2018
2018
2018
1372
2827
0
0
2827
0
4626
2019
4758
2018
0
2827
2018
3693
0
3430
2018
3508
3995
2724
1372
2018
1397
2724
1372
0
2018
0
0
2724
1372
0
2
2018
4063
3058
2
499
2018
3508
2981
2724
1372
0
1372
0
2981
3693
2724
1372
2724
0
1372
2827
2724
2827
0
3900
1372
3772
0
0
2827
0
0
0
3930
0
2724
3508
2018
1373
2724
3508
499
4143
0
2018
2724
0
0
2724
4758
0
2448
2018
3900
1557
2724
3504
2981
0
3900
1372
4243
4040
2724
3807
2876
2724
4040
2981
2982
0
3995
2724
2018
3995
4758
2927
2724
3900
2448
3007
1799
4758
2724
2981
0
2827
4335
0
0
2827
4335
0
2981
2981
0
2
3995
0
2
2981
2724
0
1372
0
0
1372
2724
2018
2828
2981
499
2724
2724
2724
3508
2724
2981
2018
2
1372
2981
918
0
0
1205
1205
1372
1764
1372
3900
0
0
0
2724
3900
0
2828
1962
2724
3900
2724
1962
0
2981
2
2724
2827
5075
0
0
0
0
0
0
2018
2981
2724
0
0
2828
3693
2018
0
3900
3900
0
2981
2981
2724
2724
2981
0
2827
0
2
3693
0
3007
2724
2724
2827
0
0
3404
2018
0
3961
0
2018
1372
4758
0
0
0
3693
3007
0
0
5075
3693
2018
3693
3007
0
3007
0
3693
3693
3007
3693
1541
2018
0
0
4786
2981
0
3900
4045
2018
3768
2981
3693
0
0
3693
3007
1372
0
2724
3693
0
1372
2981
2018
3058
0
0
2981
2448
4040
2827
1376
2724
0
2827
0
0
2828
2827
0
3768
2724
3693
3007
3900
0
2981
0
2018
1511
1372
2827
2981
3007
2018
0
2724
3007
3508
2981
2827
2981
0
1711
1372
0
2018
4758
0
0
2018
0
2981
0
1372
0
0
1372
2018
1372
3900
4758
0
2018
2981
2018
0
3768
2724
4041
0
0
0
3007
0
2981
3693
2018
4041
0
2828
2018
1376
2724
0
0
0
0
3508
3961
0
3693
0
0
0
3693
1372
0
0
3768
0
0
3404
3693
0
0
0
0
0
3508
1372
2981
3007
1372
0
0
2827
0
0
2724
4758
4758
0
0
0
0
2018
3007
3508
3007
3007
2981
2724
2827
2724
2724
2018
0
2018
3007
2018
0
0
0
0
2018
1372
3941
0
0
0
0
0
3693
2018
2018
2018
2018
4758
2827
2018
4041
0
2981
2668
3941
0
2018
499
2018
0
0
3900
2827
4041
2981
0
2018
3404
2828
0
0
0
2018
0
0
2827
2827
0
0
1797
2
3900
0
1372
2827
0
0
0
0
2981
2828
0
3
0
0
2724
0
3900
3430
1372
5028
499
0
0
0
2827
2981
499
3693
2981
4758
5112
2981
0
2724
0
0
3883
0
3995
3900
2981
2018
2981
2981
2981
2981
2981
2981
2981
2981
2981
2724
1372
3508
2724
2018
2724
4758
2981
2827
2981
2724
2724
2
0
1723
499
2724
0
2018
2827
0
3693
3007
2981
2
3007
0
3007
2724
2827
2827
2827
2827
2827
2827
2827
2724
2018
2724
2018
2724
2018
2724
2724
2724
2018
0
2724
2724
3002
0
0
1479
971
2790
3900
0
0
2981
0
0
3
2827
1372
1372
0
2018
499
0
0
0
2018
2724
2724
2018
2018
2018
2724
3772
0
0
0
2981
2981
0
1479
2018
2018
0
2018
2981
0
5076
1372
0
1372
3768
0
0
2724
2827
3436
2981
0
2981
2018
2018
971
2827
499
3007
1372
2981
2018
2018
2018
2018
2018
2018
2018
0
0
2981
0
2018
1372
0
0
2981
1372
0
2018
1541
2029
0
2827
2
2
0
2
0
0
3007
2018
0
2857
2857
0
2018
2018
4536
3430
0
0
0
3007
3007
3007
3508
3900
3007
2018
3007
3007
3772
0
2827
4758
2724
2018
3007
2018
2827
3007
0
0
2018
2018
2018
2981
1948
2724
3930
2724
3900
0
0
3593
0
0
4758
2724
4758
2
2827
2018
2828
0
2
0
2
2724
0
3007
0
3007
3007
0
3007
0
2827
3007
3007
2981
4758
3007
2724
3007
3007
0
2981
2019
3007
2445
2827
3007
4842
2836
2724
2981
2828
2724
2724
3007
0
0
3007
2018
0
3007
0
2981
3007
0
2018
1372
3007
3007
3007
3007
3007
0
3007
3007
2
3430
3124
3007
0
0
2827
3007
0
2724
2724
2827
0
2724
0
2
2018
2
3404
0
5094
3508
2724
3508
3007
2827
2724
3007
499
2828
2018
0
1372
2018
2018
0
3007
2018
3007
3995
1372
2724
3007
0
2724
3995
4758
0
0
1372
2981
2724
0
163
3995
3900
0
0
2724
0
0
2724
0
5035
4045
2724
2981
0
3007
2018
0
2019
0
3007
2981
0
2981
1376
3404
2724
2724
4045
3007
3007
2981
3995
1549
5094
3007
499
2981
2018
2724
1372
1372
0
1372
2981
2724
0
2827
0
2981
499
2018
2981
0
2685
2827
0
0
0
2018
1549
0
2981
0
4045
2
0
918
3007
2724
4243
0
2981
3404
4616
0
2724
0
1292
0
0
0
2981
3508
2018
1372
3007
0
1962
0
0
0
2018
2018
0
2724
5035
2828
3007
0
0
2724
3007
3007
3007
2018
2981
0
3900
3508
3900
499
2981
2724
2981
2827
3007
3404
3007
0
2724
0
0
2724
0
2827
2018
4760
0
0
0
0
2018
2724
0
3007
3007
0
0
2805
0
2018
2827
4758
3987
0
3693
4758
2827
4040
3693
918
2828
3999
2724
1779
3693
2981
2981
4041
2981
0
499
2836
3772
2981
0
3693
2981
2724
2981
2981
3693
0
2724
2827
0
4758
2981
2827
2018
0
2828
3007
2981
2827
952
0
2827
3693
2018
2
2981
2724
5094
2018
0
3007
0
0
2724
2981
2981
2981
3007
2
0
2827
2018
2827
0
0
3101
1010
3007
3007
0
2827
2399
0
2981
0
2724
0
2018
3900
3007
2981
2981
1372
1372
2018
5095
2981
1479
2018
3007
2827
0
2868
2981
3007
3007
499
4041
2981
2981
1372
3007
3987
0
2724
2724
2828
3900
3101
107
0
2
0
4758
1511
2981
3007
2018
2304
4970
3007
3007
3900
2018
2724
3007
2724
2018
2981
2827
2981
2827
3007
0
0
0
2724
2981
2981
2827
2018
3007
3007
3508
3508
2981
2981
2018
3007
2724
1372
0
2981
3404
5075
3007
2018
3693
1372
2724
0
3007
2827
2827
3007
2981
1372
2
2827
2837
2981
2724
2981
2724
2827
3007
2981
2
2981
0
0
0
2981
0
2981
3508
0
2724
0
2981
3007
2018
3693
0
3855
0
0
2876
2828
2981
4041
5011
2724
0
0
2
4758
4758
0
2018
0
0
3007
3768
5042
3693
2018
2018
3007
0
0
1372
2018
2724
2827
0
1372
2981
2724
2981
2981
2740
2018
3007
3404
2018
4786
2018
0
2018
0
0
2644
2018
2018
2018
3007
4063
2724
5094
0
0
2981
2981
2981
2018
0
2981
3900
3900
3900
2981
2724
3404
3900
3900
3007
2018
3404
2981
2981
1541
3007
2018
2981
2981
3999
2019
3504
0
0
4749
2981
2827
0
3693
3693
2724
2724
499
3900
2876
3693
4758
4758
2981
2981
2876
3693
0
3693
3007
2724
3999
2981
3007
2981
3007
0
2018
0
0
2724
1479
0
3693
0
2018
1174
2981
3007
0
2724
4243
0
4786
971
0
3007
1909
1511
2981
3961
2782
2
0
0
2981
0
2724
0
3772
4954
3007
2018
0
0
0
0
3900
1376
0
2724
2981
2981
3999
2827
2827
0
0
0
0
2827
2981
0
0
2018
3404
3007
3007
0
2837
0
2981
0
2981
4758
3007
3404
0
1372
5076
3772
2668
0
0
1962
0
0
918
2
2981
2827
2724
2828
2019
2981
2018
107
2724
0
3693
0
0
2724
0
1372
0
1372
3007
2724
2981
2304
2724
2828
3007
3007
2827
3007
0
3007
499
4758
0
0
1372
0
2827
3007
0
5019
3772
3772
0
2018
0
2685
1372
3007
2981
1372
3007
499
3007
2724
2018
2981
1372
1372
0
0
0
0
0
3007
2981
499
0
2981
2827
3430
2724
1372
0
2724
2724
2827
3768
2018
2018
3430
0
1372
3430
4627
2
0
0
3693
2018
2018
2018
3007
2
4951
2981
0
2018
0
0
0
2724
2724
3508
2018
2018
2982
0
0
2981
2018
2724
0
0
0
0
0
0
2827
3508
0
2018
1372
2827
2
3900
2724
0
2868
2724
0
499
3007
2724
2724
2827
2828
2018
4243
1292
2724
3508
0
2724
0
0
0
2981
2724
2981
2981
2724
3007
2981
2724
2724
1372
0
1292
0
1372
2018
0
2981
0
3121
2018
971
2724
2724
2827
0
2982
2
0
0
0
0
1372
1372
2724
2827
0
2
918
0
3
3430
0
2724
3693
0
0
3002
0
2724
0
0
0
2724
0
0
0
0
0
0
0
3900
0
0
0
0
0
0
0
3508
2018
2981
0
0
2724
3693
1376
0
0
0
2876
2724
2981
0
0
3404
2018
2828
1372
0
2724
3693
2876
2433
2827
2981
0
0
2827
3768
0
3693
0
1376
1479
2724
2724
0
0
4041
0
0
0
0
0
3693
0
2018
0
918
918
0
2827
0
0
0
0
0
3987
0
0
0
0
2724
0
0
2018
2827
2981
3508
0
2724
0
0
2018
2828
2827
2827
2828
2827
2827
2981
1372
918
0
2724
0
0
2724
2018
0
1962
2018
2018
0
3508
2827
2724
2
0
3007
0
0
0
2981
2451
2981
2827
2827
3693
2827
2018
2018
3430
0
3593
3772
2827
0
2828
2827
2827
2827
2827
2828
0
0
2927
0
2827
2451
0
2451
2451
2451
3508
2981
2827
0
2827
0
2827
0
2724
2018
2981
3007
2981
1292
0
2724
2981
2981
0
2981
0
1292
2981
3772
971
0
4326
1372
4954
1372
1010
2
5094
5094
0
0
0
2828
2981
2018
2018
0
3693
3007
2827
3995
2981
0
3772
2018
0
2981
1511
2018
2018
4842
2
0
2981
0
2018
2724
2724
0
0
0
2018
2828
2981
2018
0
2724
2018
0
0
1372
3007
0
4758
0
0
2724
1372
2857
3007
971
0
0
0
0
0
0
0
2981
0
0
0
2018
0
0
0
0
0
0
0
3508
0
0
4842
2451
2451
0
2981
5076
0
4758
0
2981
0
0
0
0
2790
2827
0
0
0
0
2724
3693
2827
3430
2981
2724
0
0
4758
0
4040
0
4758
0
3900
2981
2981
0
4045
3772
3772
3900
2018
2981
3930
1799
5120
3772
3772
0
3508
2827
0
3693
0
2981
3007
3995
3995
0
2018
2018
2018
1511
2724
1292
1511
1511
0
2981
3900
2724
0
2876
0
2828
2018
1372
2981
4335
3404
3007
2724
2724
3007
2724
0
1372
2981
2828
3007
2981
3995
0
0
0
1376
3508
1376
4041
3693
5076
3508
2018
2876
2018
2827
0
0
3007
0
0
2827
0
4041
2018
2018
0
2827
3007
0
2018
0
2724
2981
0
1376
1372
2981
3007
2981
2981
0
0
0
3883
3693
2724
0
0
2765
2827
2827
2827
0
0
2981
3007
3855
1372
2724
2018
2018
499
2981
3999
2981
4955
2724
2836
2828
2724
2724
2724
0
2724
0
3404
3404
1799
0
2018
2981
2981
2981
0
4040
0
2724
0
5095
2827
3007
0
0
0
0
2981
0
2018
499
0
4951
0
0
2981
2981
2981
4041
2981
2981
3007
2974
0
0
0
0
2981
918
1376
3415
2724
0
0
2724
2981
1376
4842
2724
498
2724
2018
2724
1372
1372
2018
2982
2827
918
0
0
3772
918
3508
3007
4758
0
3961
0
3007
5112
3693
0
2018
0
0
3007
2433
2
0
2827
2724
2827
0
0
3508
0
3508
0
0
2827
0
0
0
1376
0
0
0
3404
0
2827
0
2981
2018
2827
4616
0
0
3508
0
0
0
0
3508
3430
0
0
2019
0
4335
3430
499
0
1372
3772
0
0
4063
1372
2827
0
3
2
3
0
0
3007
0
0
1962
0
0
0
1372
0
0
0
0
2018
3508
0
0
0
0
2018
2018
3508
0
2827
0
2981
0
0
0
3508
0
0
0
0
2451
0
2
2724
0
0
0
2
0
1372
0
2827
2724
3693
0
3007
499
0
498
4966
0
0
3007
2981
1010
0
0
0
0
0
3900
0
3900
499
499
3
3508
0
1372
0
2828
3508
0
0
3772
0
3508
918
918
0
1766
2724
0
2827
2724
2724
2827
0
3007
2981
3007
3508
2981
1372
2981
2981
2981
3007
3508
0
2981
1372
3007
0
3007
3007
2981
2981
0
2981
4758
1372
0
2981
3007
2981
0
2981
3508
2981
3007
3007
4758
2827
2981
2981
2981
2827
0
2827
2827
2827
2019
0
2827
2981
2981
2981
2827
2827
2981
2827
1372
2827
2827
0
2018
2981
1479
1372
2981
2981
2981
1372
2827
2981
1372
1372
1372
1372
1372
1372
1372
2981
2981
2981
0
0
1372
2981
2981
1372
1372
1372
499
1372
499
2981
1372
3693
1376
2018
2982
2018
2981
3212
3693
3693
1372
0
2981
2981
0
1372
1372
1372
1372
1372
0
3007
1372
1372
2304
1372
1372
1372
2981
0
3007
0
2981
0
2981
0
1372
2981
2981
2981
0
0
0
2981
1372
2837
4720
1373
0
2981
0
0
0
0
2981
2981
1372
2828
0
2827
1372
0
2827
2827
4243
2981
3
3
0
2981
2724
2018
5076
0
5076
0
0
2018
2724
0
2
3508
1372
2724
499
3
3459
0
0
0
3404
0
0
3404
2724
0
0
0
0
2724
0
0
971
2981
3508
3772
3772
2981
2981
0
2981
0
0
2981
0
1372
2981
2981
2981
1372
3007
1372
1372
1372
0
1372
3
4386
0
0
3
2981
3101
3693
0
0
0
0
498
2981
4189
2981
0
3007
2981
0
0
0
0
0
0
0
0
2981
2981
3007
3007
4041
0
499
2827
0
0
2740
0
2668
3007
0
2981
2304
0
3007
2630
499
3007
0
3961
1511
0
0
3007
2304
0
2827
5080
1372
0
0
5076
0
0
2981
2018
0
3404
0
0
0
3768
2981
0
1174
0
2981
2981
2828
2724
0
2981
2828
2981
2981
4758
4386
0
2981
1372
2981
2876
0
2981
3007
3007
3007
3007
3007
3007
3430
2981
1372
2981
2981
1372
2660
1372
2828
2828
3007
2018
0
2827
3007
3007
3007
3007
3007
3007
3007
0
3459
2828
0
0
0
0
0
0
5073
2827
2827
2827
2827
3007
2828
0
2981
2981
2981
0
2981
2981
2981
2981
918
2981
2981
0
3900
3007
2981
2981
0
0
0
2981
0
0
3772
3693
4040
4040
4040
2724
2981
2981
2981
3007
0
3508
2981
2981
2981
2981
2981
0
2981
0
2981
4758
0
2981
2981
0
2981
4041
2981
2981
2981
2981
0
2981
2981
2981
2981
2981
2981
2981
2981
0
4040
2981
0
3508
3508
3404
2724
0
2724
3007
2981
0
4701
2981
3772
2981
3007
107
2981
0
0
3007
0
0
3007
4842
2981
2018
3
1372
3007
3007
3007
2724
0
0
2018
1372
1372
2018
1372
0
1372
2724
2981
2827
2
2982
2982
3508
3007
3007
3693
0
2982
2981
0
0
1372
2981
2981
1592
2981
2981
2981
2981
3007
0
3961
3007
3007
3007
2981
2981
2827
2981
0
0
4758
2981
2981
2724
2981
2981
0
2981
2981
4842
3900
0
2981
2981
2981
2981
2981
0
0
0
0
0
0
0
2981
2876
1376
0
2981
2981
0
0
0
3007
2981
2828
3007
1479
3772
3772
0
2981
3007
2724
3007
3693
2724
2981
0
2352
3007
1372
3007
3007
0
3900
3102
3900
2981
3102
3007
3900
2981
2981
2981
1372
2981
2981
1372
2981
1372
1372
2981
2981
2981
2981
1372
2981
2981
2981
2981
2981
2981
2981
2981
3007
2981
2724
3900
3102
2981
3404
2981
0
107
0
0
1795
0
0
4278
290
2981
2981
2981
2981
3508
0
0
0
0
0
0
0
0
2981
3102
2981
3693
3900
2981
918
3007
918
3007
2981
2981
0
0
2724
2724
3007
0
3508
0
0
0
2981
0
0
2981
0
0
1372
3007
0
3508
2981
1372
1810
4955
2981
3508
0
3007
3007
2018
0
3900
3007
499
0
0
2304
3007
2827
3007
3007
0
0
3430
0
2981
4758
3007
2981
4758
2827
2981
0
3007
0
1376
1292
1372
2981
3007
0
2981
0
0
3508
2981
0
2981
2981
2981
2981
1372
2981
2981
2982
0
3930
0
2445
2981
1764
3007
2916
1565
2982
3007
3508
3007
4758
3508
3508
3007
4758
0
3007
0
3693
3900
3995
0
2981
3007
3007
2827
0
2981
3007
3007
3007
3007
3007
3007
3508
2827
3693
2981
3995
3995
2876
3995
3995
1376
1376
2724
0
2724
2724
2018
2018
2018
4041
3404
0
0
0
0
3693
0
0
2724
0
4758
2981
4758
2981
2018
2018
2981
2018
2828
2018
0
2018
3212
0
3930
2724
2724
0
3961
0
3101
0
3101
4758
3007
499
1372
5035
2018
3961
0
2981
3508
3693
3768
3693
2876
2724
1372
2018
3961
3995
4758
3101
3900
2018
1372
2724
3007
2018
2
3693
3693
3693
3693
2018
499
4335
0
499
3007
3961
3007
3007
3007
3007
0
2981
2981
1420
1372
2981
1372
2724
2724
2981
2981
3007
3508
3508
3693
2846
0
2981
0
3102
3082
3404
499
499
499
499
2724
499
499
2724
2981
2018
499
0
4953
0
0
0
1376
1764
2828
3508
3508
2981
2981
2827
0
0
3961
0
2981
2981
0
918
0
0
2981
0
2981
2981
2981
2927
2724
0
2981
0
0
2981
3693
2018
3007
2724
2018
3007
0
3007
2029
0
3900
2724
2018
0
0
2018
2724
2981
3007
0
4953
3508
4953
2724
2724
2981
4953
2981
0
0
0
4041
4041
2755
2724
3007
2724
0
2981
2981
3007
1372
2981
0
4953
0
2724
2724
918
0
3007
2724
3007
0
0
2018
2981
3961
2981
5094
0
2724
1376
3082
2018
2981
0
3987
2018
2981
2828
4953
3007
0
0
2724
2724
2981
2724
3995
0
2981
2724
0
4040
2981
3404
0
971
0
3941
3508
3693
1549
5094
3007
0
3007
0
5094
4956
2740
0
3930
0
3007
2
4627
3199
4954
2018
0
0
2018
0
0
0
2018
1565
2018
2018
4041
0
0
4131
0
4627
0
0
2724
3961
0
0
499
0
0
0
2018
3772
1376
0
0
0
2724
1205
2827
3772
4955
0
0
0
0
3415
2827
2981
4954
0
0
4758
4758
2981
2981
4758
3007
0
3007
0
3508
3508
0
3404
3508
0
4758
0
0
0
2981
0
2827
0
3007
5076
3007
2018
2018
2724
3007
0
0
2981
0
0
0
0
2644
3508
0
3508
2724
0
3508
3007
2644
2981
3007
918
2981
918
2981
3430
2827
0
0
3508
0
2982
3007
2981
2724
1764
0
0
3900
0
2018
2644
2724
2828
2981
1723
2724
0
2981
3007
1372
0
0
2981
0
2981
2
1372
3693
0
2018
3007
3508
3404
0
4758
2981
2018
2876
0
0
2981
3900
2724
0
2827
0
1376
2981
0
4758
3007
0
2
0
1376
2018
1372
3007
0
1372
2981
2981
2981
0
2981
4758
0
0
2399
2018
0
4951
2981
2876
2981
0
2827
2828
2827
3508
0
1372
2018
0
0
2018
0
4758
2981
0
0
0
2981
971
0
2451
0
0
0
2644
4111
2981
0
3945
0
2981
0
3504
2981
0
2876
2981
2981
1778
0
4758
3058
5120
2724
0
2981
0
2
0
3855
2724
2
3508
2981
0
2981
3945
0
2724
2827
1372
1372
0
2981
2981
2981
1372
0
3508
1816
2724
0
1372
0
0
2724
918
2018
0
2981
3693
1376
2981
0
0
0
2724
4045
3124
4758
0
2018
2018
3900
2018
2981
0
2820
0
2981
0
0
1711
0
2981
0
3508
2827
0
0
4045
971
1372
3
2857
0
0
2018
2724
1372
0
2981
0
971
499
0
0
2018
2724
0
0
3999
2981
0
0
2827
0
0
0
0
0
2981
971
1372
2724
3404
3987
3
3102
1376
3
0
0
0
3693
0
0
0
2876
0
2018
0
2828
2981
2724
0
0
0
2981
2981
0
0
2981
2981
0
0
3212
2981
0
0
2981
0
2724
1372
3212
2981
2981
4335
4842
0
2981
2827
0
2724
2018
2018
1372
2981
2981
0
3
0
2981
0
0
2981
0
0
0
2018
0
0
2724
1376
0
2981
2836
2724
2981
0
0
2981
2981
2018
0
2724
0
2827
4954
0
2981
2981
4758
0
2018
3961
2018
3693
0
3007
0
3508
2724
0
3430
2724
0
0
2018
0
3999
2644
3961
2018
2018
3768
1711
3508
2018
0
2828
3508
0
2828
2828
3693
2828
4326
0
3693
1541
3508
2981
0
2981
0
0
0
3430
0
3941
2724
0
5035
4131
2981
2018
0
0
4967
4045
2724
4842
2981
0
0
2
0
4063
4967
2828
0
0
0
2981
0
0
3508
3508
3508
3508
3508
3508
4967
2
0
0
4955
4951
4951
2981
0
0
0
0
0
0
0
0
0
0
3693
3693
2828
2724
2018
3693
3693
3693
0
2724
0
0
0
0
3693
0
3693
3693
3508
3693
3436
0
0
2981
3508
0
0
3430
2018
2981
3900
0
2981
2981
2981
2724
2981
4758
3508
2018
2018
0
0
3430
2827
4040
2981
0
2724
2018
3404
3772
2018
499
499
0
4758
2644
1372
1372
2019
4758
0
3508
0
3508
2724
0
2724
2820
2018
0
1372
1372
1372
0
2724
0
3007
2724
3508
2827
2724
0
5095
2827
0
0
0
0
0
2018
2827
3430
0
2981
0
0
0
0
0
2981
2828
2724
3007
5102
2981
3007
0
4335
2724
107
2724
2724
2981
2981
4040
2981
4040
1372
0
2981
3018
0
2981
2981
2724
2724
2724
0
3058
2981
2981
2433
0
0
1372
1830
0
0
2724
2724
4041
2981
2828
2724
0
2724
0
0
3900
3693
2018
2018
0
3772
2981
0
2827
3058
3508
3508
2827
1292
3900
0
2981
2981
2981
2981
2018
0
2827
3999
4758
1372
2018
2981
2981
1723
2018
2018
0
0
0
3693
4040
0
0
2981
4176
2981
2981
3900
0
2981
1723
2981
4111
0
0
499
0
4758
4063
0
4744
1372
499
0
0
203
0
0
2827
2018
1372
2981
3404
2981
3007
2827
0
4842
0
1909
3007
2018
2981
0
2828
2981
2724
2827
2981
2724
3121
2724
2018
0
0
3508
5075
3999
3007
0
3900
1372
2981
2981
4041
2981
2981
2724
2018
4758
937
2724
4041
2018
2018
2018
2018
2018
2018
3404
2018
0
2018
0
0
2828
2018
4951
4616
3508
2018
2018
2018
0
2018
2018
3007
2018
2018
2018
2018
2018
2018
2018
2724
2018
2018
2018
1557
2018
2018
2018
2018
1372
2018
1372
2018
2018
2018
0
3693
499
4041
2827
0
1372
2724
1372
0
2018
971
3007
3101
2018
4041
3508
3508
3693
3007
2724
2827
2018
2981
2981
499
1549
1372
2981
1372
1372
3772
2724
0
2981
0
1372
0
1372
3508
0
0
2981
2828
2981
2981
3900
0
2018
0
0
3007
1372
0
4966
4243
4958
5094
1292
4040
5094
4758
971
1372
2981
2724
1372
0
1372
5011
3999
2981
2981
0
3007
0
0
0
2981
2724
0
3900
5094
2981
2981
2981
1372
0
2981
2981
2801
2981
0
1372
4041
2981
2018
2981
2981
1372
0
0
2724
3900
2724
0
3
0
2724
3995
2981
3404
2827
0
2981
2724
0
2827
1372
2018
0
3508
5080
1205
4758
4758
4040
4040
3404
2974
4758
3900
2981
2448
2448
2018
3007
3007
2827
2827
2448
4955
2981
3007
3058
0
2724
2018
2982
2724
2827
2981
499
3772
2433
2724
1376
0
2018
0
1511
0
2724
2827
2724
3101
2981
2827
0
5094
0
3007
3007
3007
3508
0
0
3
0
2018
1511
0
0
1292
2827
1711
4335
4335
2981
2018
2724
4953
0
0
0
1511
0
2981
1565
1565
3995
2018
2981
0
1372
0
3693
3404
0
2981
3772
4041
0
1511
2981
2724
1372
3007
3508
3430
2827
0
3693
0
3459
2
2
2724
2018
2018
2724
2724
3
2981
1372
2724
2827
4040
2018
0
1372
0
0
499
0
2724
2981
0
0
2724
2724
0
1372
2724
2724
2724
4749
0
0
0
2827
0
0
2018
0
3508
0
2981
2982
3693
4243
3508
1479
4041
0
3693
3508
4758
2018
1549
2724
3459
2827
2836
3007
1372
2018
0
1372
2981
2981
4040
0
2981
1557
3101
2724
3900
2981
2981
3508
2981
2724
2724
2724
2827
3508
2827
0
1372
0
0
0
0
0
3508
2724
2724
2981
2827
0
0
2724
1372
3508
107
0
4616
2724
1948
5075
1816
0
2724
4045
0
4041
0
0
3768
2304
0
0
0
4758
4335
2827
0
2981
2724
4041
2
4041
2724
0
4967
2
0
0
0
2827
974
0
2828
2724
4041
0
0
3002
0
1799
0
0
0
0
0
0
2448
0
2018
4760
2724
0
4063
3508
2304
0
2724
2018
3900
0
1376
2981
2018
2981
0
2724
5042
2448
2981
1376
1723
3007
3007
3900
2827
0
2
0
2827
4045
3007
0
1376
499
2981
2790
2304
2018
0
0
0
0
0
0
2018
1375
0
2827
2724
2018
0
0
0
0
2981
2827
0
0
2981
2828
2724
2827
498
3436
2724
0
2827
0
2981
0
2981
1372
2724
0
2827
2828
2029
1372
0
2981
0
4758
2981
2981
0
3508
4041
0
499
2981
1511
0
4966
0
2981
3772
0
0
2981
0
0
0
4335
0
0
0
2828
0
2724
2018
0
1376
0
2981
2981
2827
499
2981
3995
2981
1372
0
2981
3772
0
0
0
0
2981
0
4335
0
0
0
499
2981
2981
2981
1372
0
0
0
0
2981
2018
0
0
3007
0
1511
0
0
0
0
3007
3007
1376
2724
2018
0
3778
2018
0
1511
0
0
0
2827
499
0
0
0
0
0
1376
0
2828
0
3508
4970
0
4970
3007
2828
499
499
499
1569
2724
499
1549
2
0
2564
2828
0
4760
3007
0
0
3693
2981
2981
0
0
1376
2981
0
2018
2982
3007
4758
0
0
0
0
0
0
0
2724
0
2827
4758
0
1372
1372
1372
0
0
2018
0
0
2827
0
1372
0
0
3508
2018
2827
1292
2448
2827
2018
3007
1372
0
2828
3995
1372
2724
0
0
0
4335
2974
0
1376
971
3430
0
2018
2981
0
0
4045
4326
0
2827
3007
3693
2724
3007
0
3007
2018
918
1948
2
2981
3508
3508
0
0
0
0
2836
2724
0
4040
3508
3995
2018
3007
2
0
499
0
2018
0
0
0
499
3693
0
3508
1376
0
0
3508
2724
2827
0
0
3007
5094
2827
3508
2018
2740
2827
0
0
1376
3058
2981
0
0
2724
2724
4966
2724
2724
2981
3007
971
3007
3693
971
3007
3007
0
2827
1764
0
0
2724
5094
2981
2981
2981
2724
0
3
3007
0
0
0
1541
1778
0
2981
4040
4758
0
4966
0
1711
0
3404
2
2724
0
2981
2018
3995
2981
0
1372
0
0
2981
0
3902
2981
0
2724
2981
2
4123
2029
3693
2981
0
2981
0
2520
0
3007
2827
0
0
2981
2724
3974
2981
3508
0
0
2724
846
2018
0
2982
4040
5076
5094
0
2724
3007
2
2828
4040
962
2981
3121
3007
2981
1372
0
0
3508
0
0
0
3007
2876
3007
2981
0
2927
3007
3772
2724
2724
0
2981
0
1548
3007
5042
2724
918
0
0
4041
0
2724
0
2827
0
3508
0
2981
4749
0
1830
499
2
3
3121
2981
3007
2981
0
0
0
0
0
0
3007
0
3007
1376
2724
0
3995
3007
0
2685
3007
2018
3007
2018
2018
2724
0
0
0
2981
3007
3693
2827
0
0
0
2724
2876
0
3007
2981
0
2981
2827
0
2827
4954
2981
2981
3007
1372
2018
0
1372
2981
0
0
0
3436
3007
0
3007
3007
2981
2724
2981
2827
4954
3508
1539
2981
4842
2018
1372
0
1376
3974
2981
2018
2018
0
2018
1479
0
2018
1948
2981
0
2981
2827
0
2981
3007
3900
2029
499
2630
1479
3404
3007
2724
3430
2827
0
0
0
1372
2827
0
2018
0
2018
0
2018
2724
2433
4041
0
2448
4111
0
2724
3693
2018
1372
3007
3007
1372
994
1372
1372
0
0
2827
2827
3900
0
2828
0
0
2018
3693
3900
0
0
3504
2827
3693
2827
4041
0
2018
2827
3007
3508
2981
1479
1479
0
3413
4758
3007
499
0
2981
2738
2981
2981
2981
2
499
2828
2724
3930
2018
2724
3007
4758
1010
0
2981
499
971
2827
3508
0
0
2724
3404
3693
0
0
1479
0
3007
0
2
0
2981
3007
0
2827
0
4758
3212
2399
2
0
3900
3430
4041
1511
2724
3430
499
2448
2018
499
2981
3883
0
0
2982
499
0
0
2018
3007
0
499
2828
5028
5035
2981
2724
0
3404
2724
2724
0
2724
2724
2827
3693
0
499
0
0
0
3930
0
0
1511
2018
0
3007
1372
0
3007
0
2724
3900
2827
0
2724
2724
1372
2724
0
2724
499
3693
3007
3693
0
0
0
499
1372
0
0
3995
2018
3693
2827
2828
2018
2914
2018
1372
1372
3995
3995
3995
3508
2981
3007
3772
3007
2018
3593
2981
2981
0
2981
4324
4758
0
0
0
0
2981
4335
4758
4758
1292
3508
1372
2827
2827
4758
0
1372
2981
2018
2827
971
2981
1723
2981
3404
0
3404
2981
0
0
0
0
0
1948
0
0
0
2018
0
3007
3007
3007
2981
2981
2981
2827
2724
2724
2018
3508
0
0
0
4758
4758
4758
499
0
0
0
2724
0
499
3508
3508
4951
0
3508
2981
2018
3508
0
2827
2981
2981
1376
1376
0
2827
0
0
0
2724
0
0
0
0
2981
0
2018
3007
3508
0
0
2029
2018
2828
0
0
0
3900
2724
2018
2018
2981
4758
4758
3693
3007
0
2724
2981
3508
2018
2018
4758
3007
3007
3007
918
0
2724
3768
0
0
2724
2981
0
4760
2724
5094
1479
5094
2724
5094
3430
5094
2724
2828
3430
0
4045
2981
2981
0
3772
5094
2448
0
0
0
0
3430
2644
5094
2724
2724
3007
2724
2981
5094
2448
2724
2981
5094
0
2981
3007
2981
2981
2981
3693
994
499
2981
2981
3212
3693
0
0
2981
3508
2827
0
2981
0
3018
0
499
2018
3999
2724
2981
2981
0
0
0
0
2724
2018
2827
4627
2827
2724
2724
163
0
0
0
0
0
0
3404
2019
0
0
2
0
2827
0
2018
2981
2981
3007
3007
2981
3007
0
2981
2724
1816
1816
0
0
2827
3508
3772
918
918
2981
2981
2981
2981
2981
2981
2981
203
2981
2981
0
0
0
0
4041
2981
0
0
3508
2018
0
0
2981
0
3508
0
3508
3508
2981
2724
2724
2981
2724
3508
0
2981
3404
4041
2827
1376
2724
3900
4758
4966
499
3007
2981
2827
971
0
1723
3693
0
2019
4967
2981
0
2
0
0
2
0
2827
2981
971
0
0
2827
0
1375
0
2981
4758
0
4040
0
0
3693
3693
2018
3007
0
0
2724
0
0
0
0
0
0
3404
2018
2981
2981
1372
0
0
2724
2399
2981
0
0
499
2018
3693
0
2981
0
3999
2981
2981
0
0
0
0
3508
4701
0
2981
0
0
4758
3430
0
0
0
3961
3900
0
3508
0
2724
0
0
4335
2304
1372
2981
1372
2981
4951
3007
3007
2724
1372
2304
1372
2724
0
0
2304
0
3693
0
0
0
2981
2018
2724
2724
0
2724
0
1372
3508
2827
3772
3768
0
0
0
1372
3007
3007
2827
0
2724
2724
0
2981
0
2981
0
1372
3902
1372
498
2
0
5042
0
0
5095
1372
3508
0
2981
3101
3902
3101
2981
3101
1372
2827
0
4131
0
0
2724
2827
2981
0
3900
2981
0
2981
3900
3593
2018
3961
0
0
0
0
4131
2018
0
0
0
3693
1372
0
2724
2981
2724
2827
2828
2724
0
3508
2759
0
0
2836
2018
2724
2724
2982
0
0
0
0
2828
3999
0
2981
2981
2981
2981
2724
2981
3772
5028
4616
0
2827
2827
3007
2018
2018
2018
2018
0
2981
0
0
0
0
0
1549
2448
0
0
1376
2018
2827
2836
2981
3768
2981
0
2304
0
2981
0
0
4123
2018
2018
0
0
2828
2724
2018
5080
2724
4758
2724
0
3693
0
2724
2981
0
0
2018
2018
1372
2724
203
2018
2724
0
2724
1539
0
2981
2827
0
4040
0
3508
3508
3900
2981
2827
0
0
0
1372
1372
2724
1372
3508
2724
2828
1372
0
0
3404
2927
1810
2724
0
3900
2981
2981
0
2981
0
1372
2981
2724
2724
3
0
2981
2
0
2827
2724
2
0
2018
4758
499
4749
2724
4335
5076
0
2828
2981
4045
0
2827
2724
0
1376
2981
0
2981
1372
0
0
0
0
1816
0
2981
0
2981
0
2724
0
1372
3
2
0
0
2827
3
0
0
1962
0
3693
2724
0
3508
3508
2724
2018
1372
3693
0
0
2399
2724
499
2018
4063
2827
3430
1772
4123
2981
4243
0
5076
2981
2827
2828
0
0
2
0
3508
0
2724
2724
3430
2827
3693
0
0
4758
3508
1541
2018
2724
2827
3007
3869
2724
4111
499
1778
0
3995
3772
2981
0
2018
0
2
3508
2018
3995
0
0
971
2724
3007
3007
3007
3430
3430
1372
2981
3430
0
2304
2981
3007
1372
3900
2304
3007
2981
2981
2981
0
0
0
2724
4040
3007
3430
0
2304
2
3007
2
3007
0
0
2981
3007
3007
0
3007
1511
2981
3772
3
2927
3
4966
2981
1511
3007
3883
2724
3007
3007
2
3007
0
3007
0
2724
3007
3007
3772
3772
1962
0
1711
3007
0
1511
2981
3900
2981
2018
3508
0
0
2018
1372
0
2724
0
1948
2828
2724
3101
2724
0
4966
3693
2827
0
3508
0
0
3007
2724
3693
3007
2018
0
0
0
0
1372
2018
2018
0
0
0
2295
1174
2981
0
0
3900
1549
1746
2981
3946
0
2018
0
0
2724
0
2828
3508
0
2018
0
2724
0
2981
2724
0
0
0
0
1810
0
0
0
1372
0
0
0
2828
0
499
499
4335
0
0
3693
1372
499
0
2827
0
3900
2981
3693
3693
0
0
2724
3508
0
3007
2018
2724
2724
2018
0
3693
1372
2981
3508
0
2018
2724
1764
2724
0
2724
4758
3007
1548
2724
4842
2724
3941
0
2827
2827
3007
1372
0
3772
1816
0
2724
499
0
2827
2828
1372
2
2827
2018
2018
0
0
0
0
2981
0
2827
2724
499
0
0
2018
2
3508
3508
2
0
1372
2018
2018
3900
499
0
2018
2827
0
1372
2876
0
2827
0
3693
2724
3007
2828
0
499
2981
2018
2724
1479
3693
2981
0
4758
4041
0
2018
2827
0
2018
4758
2724
3436
2827
0
2876
0
3007
3900
1372
2827
2827
3007
2827
2724
2981
2018
2981
1372
2724
1372
1372
2018
0
1372
3007
1372
2981
0
2018
0
2018
2827
2827
2018
3007
2981
2724
2018
3930
3007
2724
0
0
0
0
0
2827
2827
2827
0
499
2724
1372
4324
3007
1372
1372
499
499
3007
1372
2813
0
1372
3772
3007
0
2018
1372
2828
1372
3508
0
1372
1372
4386
3007
1372
3007
1372
3007
1010
3007
3007
4758
0
2981
4842
1372
3007
1372
2724
0
1372
499
2981
3007
5076
2981
4045
3007
2644
2981
0
499
499
3508
1372
2018
3693
2018
2724
2981
1372
3007
2981
2981
0
3007
1372
2790
2644
2981
2827
0
2
1372
3007
4212
499
2981
1372
0
499
499
3508
2981
2981
0
1372
0
3007
0
1541
1799
0
2981
0
3508
2981
3007
2981
3007
2981
2981
3900
1372
2724
2018
1372
1372
3007
0
3987
2018
3436
2981
2018
971
0
5019
0
0
1372
2981
0
2304
0
1372
0
2018
2448
1372
499
0
0
0
0
0
0
0
2399
0
0
1372
0
0
0
0
0
0
2981
3772
498
2827
0
2724
0
0
0
0
3404
2018
2304
2981
1372
0
1372
0
0
2981
0
2981
3101
1372
0
0
4951
499
0
2724
0
0
3007
3007
2018
0
2828
0
4827
2018
2981
0
5076
0
4041
0
2981
0
2724
0
5076
0
0
0
2927
0
4131
0
0
0
4758
2981
0
2828
0
0
0
498
2724
2396
3508
0
2981
0
2724
0
498
1711
4954
0
3508
2724
0
2981
2981
498
0
1372
1372
0
1372
3772
2981
2981
2018
0
1372
3007
2981
2981
2981
1372
0
3007
3007
3007
2724
0
0
0
2724
3404
2724
0
0
3007
0
0
1372
498
3508
3007
0
3007
3007
2724
3693
3772
3007
0
2724
3900
2451
3404
2724
2981
3007
3995
2018
4758
1372
1376
1376
3007
3007
3007
0
4866
0
3007
3007
2018
2018
4041
2724
0
2724
3508
0
0
0
2018
0
1376
2018
2827
1376
3007
3459
4041
2981
0
4758
4616
1376
2981
4758
2981
3007
2981
2981
2981
0
0
2981
2981
2981
0
3900
1372
2759
2018
2018
3772
2827
2018
0
0
0
3693
2018
0
0
0
0
3404
3082
0
2644
1592
3772
0
0
0
0
0
0
2981
2724
0
2520
3508
4960
0
2981
2018
0
0
0
0
0
3007
0
0
2827
2
2724
2018
0
0
2
0
5035
0
1376
3
3
2724
3941
1372
3941
1372
0
2018
2018
0
0
2827
0
3007
0
2
0
0
2981
2018
2724
499
0
2724
0
0
2827
3007
3007
3007
1376
3007
3007
0
3007
3007
2304
1372
0
1372
0
0
2724
0
2724
0
0
2876
0
0
2724
0
2981
5035
0
0
0
2827
0
0
0
0
0
1723
2724
2019
3007
499
0
5035
0
0
0
0
2564
0
2018
2827
2981
0
0
2828
0
0
0
0
0
2805
0
0
3007
3007
3404
5030
107
0
2981
1723
3007
3007
498
0
1372
2758
2827
0
0
0
0
0
499
3693
3508
2827
3007
499
2827
2828
3961
499
0
5042
0
918
0
2018
2018
1372
2724
1376
2982
2827
1372
2018
0
0
