2981
2981
2981
2
3007
3693
3007
4758
3007
3693
2724
3007
4967
2981
3508
3508
1854
3961
3007
3007
4967
3007
4758
3007
3007
3007
4040
3007
3007
4041
3007
2849
2981
3693
3007
2981
2724
3693
2981
2724
2981
2724
2724
3693
5112
2724
2981
2724
2724
2827
2018
4041
3693
498
2724
3007
2724
2981
2520
3007
2724
2981
2724
4045
2724
2018
2981
2981
3007
3007
3007
3007
3007
3007
3007
2981
2981
3693
3007
3007
2724
2981
3007
3007
3007
2724
2724
2724
2981
5103
3508
2018
3007
2724
3007
1909
1799
3007
2981
2724
3007
2724
2724
2724
3007
3007
4040
3007
5095
4758
3007
3007
3007
4955
3693
3007
3007
3007
2981
3007
2919
3007
3007
3693
3007
3007
3007
3007
4041
3007
3007
3007
3007
3007
3007
3007
3007
3007
4335
2981
3007
3007
3007
3508
2724
3007
2876
4040
3007
2876
3007
3768
1376
1746
3693
3007
3007
3999
3007
3007
3007
5095
3007
4041
3007
3693
3007
3007
3508
3007
3007
2876
3007
1830
3007
3693
3768
1376
3693
3018
3007
4758
4758
3007
3
3007
3007
3007
3007
3693
3007
3007
3007
1376
1376
4758
3007
4786
2981
1376
3007
1479
937
1479
2724
2981
2981
2724
2724
2724
2724
1799
2981
2724
2724
2724
2724
2981
5095
4786
2018
3768
2724
2724
2724
2724
3007
2399
2018
4758
2724
1479
2827
4955
2981
2981
2724
1479
1479
2724
2018
2981
2827
2018
2018
2981
2981
2827
4758
2981
1376
3121
3693
2724
2724
2981
2724
2724
2724
2724
1479
4143
4955
3508
4758
1479
3508
3998
1479
2724
3693
1479
2981
3961
2981
2981
2724
3693
2981
3693
2724
2836
2981
3007
2981
2451
1479
4040
2724
2981
2981
3693
2981
2762
2981
2724
2827
2981
2981
2981
2981
4758
2724
2018
4758
2876
2018
2981
2981
2981
2981
3007
3007
2876
2981
2724
1376
3007
3995
1479
2724
3693
2981
3007
2981
2981
3007
4786
3693
3693
2982
2981
2724
3693
2018
2724
2827
4967
2724
2018
2724
2018
3007
2827
3508
3508
2827
3693
4758
1479
4758
2724
3508
2827
2018
3693
1479
4758
2018
3508
4040
2724
3007
2018
5120
2724
3007
3693
2018
3693
2724
2724
3007
2724
1963
2724
3007
4041
1963
2724
2981
3508
2981
2724
3007
5106
3007
2724
4758
3693
2724
3007
2724
3508
3007
2724
2724
2827
3508
2981
3007
1479
3693
3693
2827
3693
3693
1479
3930
3508
2724
3508
2018
4123
2724
3693
1479
4143
1479
2018
2724
5095
3693
2724
4758
2018
2448
2018
1479
2724
2724
1479
2981
4955
1479
3007
2724
4040
2724
2724
3693
2724
4040
2981
3007
2018
3995
2724
2724
3995
1376
1479
2724
2981
4758
3007
4326
2981
2724
2981
2018
2827
4123
3508
498
2827
4123
3693
2981
2981
2570
3508
3995
3508
1559
2981
2724
2724
2981
2724
3508
2981
2724
2724
2724
2981
2981
2724
2724
2724
3508
2724
2981
2724
2724
2981
2981
3007
498
3693
2724
2724
2981
3
2981
4758
1479
1479
498
2724
1479
4786
2849
2982
2724
1479
2724
5028
2668
2981
2724
2724
2827
5078
2724
2981
4955
3693
2724
2724
2018
3007
2724
1778
2724
2827
3693
2724
498
1479
2981
4045
2981
2981
2724
2724
2981
4955
2827
498
4536
3693
3693
3007
2724
4041
2827
3508
2724
918
2981
2724
3961
3693
2018
3007
4758
498
498
2724
3693
3007
1479
3693
3999
3693
2724
3693
3007
498
3007
498
3693
3693
3007
3693
4786
2724
2570
2724
4786
3007
3357
1479
2724
2018
1479
2981
3693
3693
2
3693
3007
2981
498
2724
3693
1376
3007
2981
2018
4040
3508
3693
2981
2981
2827
2827
1376
2724
2724
2827
3693
5028
2724
2827
3693
1479
2724
3693
3007
4758
3693
2981
2724
4758
2724
3007
2827
4758
3007
2018
5028
2724
3007
3693
2981
2827
2981
2724
4040
3007
498
2724
4758
4758
2724
1376
498
2981
2
3007
2399
2724
3007
2018
3007
2981
4758
2339
2018
2981
2018
2724
3768
2724
4040
2724
3693
498
3007
3693
2981
3693
2018
4041
5028
2724
2724
1376
2724
3693
3693
498
3508
3508
3961
3693
3693
3693
2
4760
3693
2981
2724
3693
2981
2724
2724
1479
3693
1479
4955
2724
3508
498
3508
3007
2981
3007
3007
498
498
2827
1479
2724
2724
2981
2981
1376
3961
3961
3961
2981
3007
3508
3007
3007
2981
2724
2827
4040
2724
2018
3693
2018
3007
2018
3693
1479
4786
3693
2724
2981
1479
5103
3693
3961
2724
2724
3693
2018
2018
2018
2018
4758
2827
2018
4041
498
3007
2668
1479
2724
2018
4966
2724
498
3
1479
2827
4041
2981
498
2018
1479
2724
1479
498
2724
2018
3693
3508
2827
2827
2724
2724
2724
1479
1479
3693
3007
2827
2724
2724
2018
4955
2981
2724
3693
3
2724
3508
2724
2724
2981
3693
3007
918
918
918
3508
3693
2827
2981
2724
3693
2981
2981
2724
2981
2724
2724
3508
2724
3869
1190
2836
1479
2981
2724
2981
2981
2981
3007
2981
2981
2981
3007
2981
2724
3007
3508
2724
2724
2724
2981
2981
2827
2981
2724
2724
4536
3508
1479
1479
2724
2724
2724
2827
1479
3693
3007
2981
2724
3007
4041
3007
2724
2827
2827
2827
2836
2827
2827
2827
2724
2018
2724
2724
2724
2018
2724
2724
2724
2724
4672
2724
2724
4356
937
2
2981
2295
1479
2724
3508
4955
2981
3693
2724
3121
2827
3007
2981
2724
2018
4955
5095
2724
2724
2018
2724
2724
2018
2724
2018
2724
1479
1479
3508
2570
2981
3007
2724
1479
2018
2018
2
2018
2981
2
5095
2981
2724
3007
3768
498
2724
2724
2827
3436
2981
3961
2981
2018
2018
2724
2827
1479
3007
3007
3007
2018
2724
2018
2018
2018
2724
2018
498
3508
2981
3508
2018
2981
498
2724
2981
3007
1479
2018
2724
2724
1772
2827
5120
5120
5115
2018
3508
4786
3007
2724
2724
5112
5112
2724
2018
2018
4536
4758
498
498
498
3007
3007
3007
3693
2981
3007
2018
3007
3007
1479
2724
2827
2981
2724
2018
3007
2018
2827
3007
3693
498
4758
4758
2018
2981
1479
2724
3930
2724
2981
3995
3995
4040
498
1559
4758
2724
2981
3508
2827
2018
2827
3098
5120
498
2925
2724
498
3007
498
3007
3007
2
3007
498
2724
3007
3007
2981
2981
3007
2724
3007
3007
2981
2981
1479
3007
2018
2827
3007
3
2836
2724
2981
2724
2724
2724
3007
3693
1190
3007
4758
3693
3007
498
2981
3007
498
2018
3007
3007
3007
3007
3007
3007
2724
3007
3007
2724
2981
2339
3007
498
4121
2827
3007
2724
2724
4041
2827
2724
2724
4955
2018
2724
5120
1479
1479
2981
3508
2724
3508
3007
2827
2724
3007
1479
2724
2018
2724
4758
2018
2018
2724
3007
2018
3007
2836
3007
2724
3007
2724
2724
2836
1376
1376
2724
3007
2981
4041
3995
3007
2836
2981
1479
1376
2724
498
2724
2724
498
5035
5120
2724
2981
1479
3007
2724
2724
1479
4123
3007
2981
1190
2981
1376
1376
2724
2724
5120
3007
3007
2981
4040
2981
3693
3007
2018
2981
4758
2724
3007
3007
4786
2981
2981
2724
4758
2827
1479
2981
1479
2018
2981
2724
2724
2827
3693
3693
2981
2724
1778
3508
3007
2724
5120
2
3693
918
3007
2724
1376
2724
2981
2981
2724
2724
2724
2724
4243
1553
4758
4955
3007
3508
2018
3007
3007
1479
4243
2724
3693
3508
2018
2018
3693
2724
1778
2827
3007
4143
1479
2724
3007
3007
3007
2018
2981
1479
2981
3508
1479
1479
2981
2724
2981
2827
3007
2981
3007
498
2724
3508
2724
2724
3508
2827
2018
4760
2724
3508
1479
2520
2018
2724
1479
3007
3007
2724
498
3508
4955
2018
2827
4758
4758
2724
3693
4758
2827
2827
3693
918
2827
3999
2724
4758
2724
2981
918
4041
3007
3693
4955
2836
2396
2981
3693
3693
2981
2724
2981
2981
2724
3693
2724
2827
3693
4758
2981
2827
2724
3508
2724
3007
2981
2724
952
2724
2827
3693
2018
2
2981
2724
2981
2018
3693
3007
2724
2724
2724
2981
2981
2981
3007
1854
974
2827
2018
2827
498
2724
2981
2981
3007
3007
2724
2827
2724
2724
2981
1799
2724
2018
1376
2981
3007
2981
2981
3007
3007
2018
5095
2981
1479
2018
3007
2827
4760
1795
2981
3007
3007
4955
4041
3007
2981
2981
3007
4758
1479
2724
4041
498
2981
2981
107
1825
2724
3018
2981
4953
2981
3007
2018
2304
4967
3007
3007
1479
2018
2724
3007
2724
2724
2981
2724
2981
2724
3007
4041
2724
2724
2724
2981
2981
2724
4758
3007
3007
4758
3508
2981
2981
2018
3007
2724
1376
4955
2981
1479
5102
3007
2018
3693
1376
2724
2724
3007
2724
2724
3007
3007
3007
2018
2724
4040
2981
2724
2981
2724
2724
3007
2981
2018
4758
2724
4786
3693
2981
2724
2981
3693
2724
2724
2724
3007
3007
2018
3693
2724
1553
2724
498
3436
2541
2981
4041
3
2724
3693
2724
3
4758
4758
3693
2018
2520
498
3007
3768
3007
3693
2018
2018
3007
2339
3693
3007
2018
2724
2827
3693
1376
2981
2724
2981
3007
2724
2018
3007
2981
2018
4786
2018
3693
2018
3693
2724
4758
2724
2018
2018
3007
4123
2724
2981
3508
2724
2981
2981
2981
2018
2448
2981
2981
1479
4758
2981
2724
1479
2018
4760
3007
2018
2981
2981
3007
2724
3007
2018
2981
2981
3999
2981
1479
2974
2724
1479
3007
2827
2724
3693
3693
2724
2724
4966
4758
2876
3693
4758
4758
4758
2981
3693
3693
2724
3693
3007
2724
3999
2981
3007
2981
3007
498
2018
2724
2724
2724
2724
498
3693
3693
2724
1174
4758
3007
2724
2724
1795
5095
4967
3999
4045
3007
1909
4040
2981
1376
2836
1778
1479
1479
2981
2018
2724
3508
962
4954
3007
2724
2724
2724
2724
1479
2981
2981
2570
2724
2981
2981
3999
2827
2827
2724
2724
498
2724
2827
2981
2724
2724
4758
2981
3007
2981
2724
1479
4842
2981
3693
2981
4758
3007
2981
2724
1376
4786
1479
2668
4960
3693
4243
2724
498
3007
962
2981
2827
2724
2724
1479
2981
2724
3018
2724
2724
1376
3693
3508
2724
3693
2981
107
3007
3007
4041
2981
3007
2724
2836
3007
3007
2827
3007
4966
3007
1479
4758
498
4041
3007
2
2827
3007
498
4949
2724
962
1479
2018
498
4758
2981
3007
3007
2981
3007
5028
3007
2724
2724
2981
2981
1376
498
2724
498
3693
2981
3007
2981
5028
3693
2981
2827
1764
2724
1376
4955
2724
2724
2827
2981
2018
2018
3508
1479
1376
3693
2724
5120
3058
3693
3693
1376
1376
1376
3007
2541
4040
3007
5106
2018
3508
4967
974
2724
4041
3508
2018
2018
3693
4967
3693
2981
4758
2724
3508
3508
5095
5106
4955
3508
2827
3508
3693
2724
3007
2827
3
2981
2724
4955
2724
2724
2724
2981
3007
2724
2724
2827
2724
2018
2724
4967
2724
3693
2724
2724
1479
1479
498
3007
2724
2981
2981
2724
3007
2981
2724
2724
2981
3508
4123
4786
2981
2018
2724
2981
2724
4040
2724
4825
2724
2724
2827
5028
3693
3768
2724
498
2724
2724
1376
3007
2724
2827
4672
3508
918
3508
3
4758
3508
2724
3693
3508
2724
2793
3693
2724
2724
2724
1479
2724
4143
3693
3693
3693
3693
3693
3693
2981
2724
2724
5094
3693
3693
3693
3693
3508
2724
2981
498
3508
2724
3693
1376
498
3693
3693
3693
2724
2981
3508
2
2981
2018
2827
1376
2724
2724
2724
3693
2724
2827
2981
2580
2724
3007
3768
1479
3693
1479
1376
3693
2724
2724
4760
3693
4041
3693
2
2
2
2
3693
937
2018
2
2981
2981
2724
2827
1479
1479
2724
3693
1376
2981
3693
3693
2
3693
2724
498
3693
2018
2827
2981
3693
2724
2724
2724
2724
2018
2724
2724
2827
2724
2827
2827
2981
1376
2981
3693
2724
5102
3693
2724
2018
2981
4955
1376
2724
3693
3508
2827
2724
974
4143
3007
2724
3508
3508
2981
2451
2981
2827
2827
3693
2827
1376
2018
4758
3693
1479
1479
2827
3508
4967
2827
2827
2827
2827
2724
3693
3693
4041
3693
2827
2451
2724
2451
2451
2451
3508
2981
2827
3693
2827
498
2827
3508
2724
2018
2981
3007
2981
4040
2724
2724
2981
2981
3693
3007
3693
1795
2981
3693
1795
3693
4326
1376
498
1376
2724
4786
2981
3058
2724
1190
3693
2724
2981
2018
2018
2724
1376
3007
2827
3768
2981
2724
1479
2018
2724
2981
2724
2018
2724
4536
4123
2724
2981
498
2981
2724
2724
3693
3693
3508
2981
1825
2981
2018
3508
2724
2724
3508
3508
2981
3007
3508
4758
2724
2724
2724
1376
1795
1376
1795
2339
2724
2724
2724
2724
2724
2724
2981
2724
2724
2724
2018
3508
3508
2724
2724
937
937
2724
3693
2668
2724
4123
2451
2981
2724
2981
5106
3693
4758
4243
2981
937
937
3508
3508
4758
2827
3693
3508
3508
918
2724
3693
2827
4040
2981
2724
498
2724
4758
3508
2827
3508
4758
3357
2981
2981
2981
2724
3999
1479
1479
2981
2018
2981
3930
3930
5120
1479
4955
2919
3693
2827
3508
3693
4786
2981
3007
3995
3995
3508
2018
2018
2724
2724
2724
2724
2724
2724
1795
2981
1479
2724
2724
1376
3693
2724
2018
4758
2981
4123
1479
3007
2724
2724
3007
2724
5095
1376
2981
2827
3007
3007
2724
1479
3508
3508
1376
3508
3693
2724
3693
4954
3508
2018
3693
2018
2827
498
2724
3007
4243
3961
2827
1373
4041
2018
2018
3693
2827
3007
3693
4041
3693
2724
3007
3693
1376
2981
2981
3007
3007
3007
962
2
937
2724
3693
2724
2724
2724
2765
2827
2827
2827
2724
2724
2981
3007
2724
2981
2724
4758
4758
2981
2981
4758
2981
4786
2724
2724
2724
2724
2724
2724
2570
2018
2724
1479
1479
3
2724
2018
2981
2981
2981
2724
2827
3508
2724
5095
5095
2827
3007
2724
3693
4587
3693
2981
2724
2724
4243
3508
4951
2724
2724
2981
2981
2981
2724
2981
2981
3007
4041
3693
1190
1190
4326
2981
2981
1376
5106
2724
498
498
2724
3007
1376
4041
2724
498
2724
2018
2724
2981
1376
2724
3007
2827
918
3693
3693
1479
918
3508
3007
4758
3693
1376
3693
3007
5112
3693
3508
2018
2724
2
3007
2433
2
498
2827
2724
2827
3508
3693
3508
3508
3508
2813
498
2827
498
3945
2724
1376
498
498
3007
2981
498
2827
3508
2981
2018
2827
4786
3693
3693
3508
3508
498
498
5028
3693
2724
498
2724
1479
2018
5111
1479
2724
2724
3007
1479
2396
2724
4123
3007
2827
2724
3
2724
3
4786
2570
3007
1746
4786
4951
498
3693
4955
2981
2724
498
3693
2668
2018
3508
3693
3007
2724
5028
2018
2018
3693
2
2827
498
2981
1479
1479
3508
2724
918
3693
2724
498
918
2724
1779
2724
4123
3693
498
2018
498
3007
2724
2827
2724
3693
2724
3007
2724
3693
498
4966
4672
2724
3007
2981
2724
498
2570
498
3693
498
2793
2724
2981
3693
4243
3
3508
498
3007
1479
4041
3508
2448
3693
1479
3693
3693
918
918
4041
1479
2724
3508
2827
2724
2724
2827
498
3007
2981
3007
3693
2981
2981
2981
2981
2981
3007
3508
5028
2981
3007
3007
3508
3007
3007
2981
2981
498
2981
4758
2981
3508
4758
3007
2981
5106
2981
3007
2981
3007
3007
4758
2827
2981
2981
2981
2827
2724
2827
2827
2827
2018
3693
2827
2981
2981
2981
2827
2827
2981
2827
3007
2827
2827
4955
2018
2981
2981
2981
2981
2981
2981
2981
2827
2981
3007
3007
3007
3007
3007
3007
3007
2981
2981
2981
498
3693
3007
3007
2981
2981
3007
1376
1479
1376
1479
2981
3007
3693
1376
2018
3693
2018
2981
3007
3693
3693
3007
3693
2981
2981
2108
4758
2981
2981
3007
2981
498
3007
3007
2981
2981
3007
4758
4758
2981
2724
3007
1479
2981
3693
2981
3693
2981
2981
2981
2981
4123
2724
2668
2981
3007
2981
2981
1373
1479
2981
498
3508
2724
2724
2981
2981
3007
2724
498
2724
2981
2724
2827
2827
4827
2981
3
2724
1479
2981
2724
2724
4263
4040
5076
2724
2724
2018
2724
3693
1909
3508
3007
2724
2724
3
4786
5076
3693
2724
2793
498
4041
1479
2724
4955
2724
498
4786
2724
498
4123
282
2981
3
1479
1479
2981
2981
498
2981
3508
3508
3007
498
2981
3007
2981
2981
1376
3007
1376
3007
3007
4960
1376
3
4758
3508
2724
3
2981
2981
3693
2919
3508
3508
2
498
2981
1479
2981
5076
3007
2981
3693
3693
498
2813
3961
3961
2724
3693
2981
2981
3007
3007
4041
5103
1479
2827
1479
1479
3693
5028
2668
3007
2724
2981
2981
2981
3007
3693
1479
3007
1479
3693
2724
2981
1799
3007
2981
4123
2827
1479
2981
2724
2724
5076
4949
4949
2981
2724
4758
3768
3508
3508
4955
3768
2981
2448
1174
3693
2981
2981
2836
2724
2724
2981
2836
2981
2981
4758
4758
4758
2981
3007
2981
2876
2724
2981
3007
3007
3007
3007
3007
3007
918
2981
4758
2981
2981
3007
1479
2981
2836
4040
3007
4758
2724
4040
3007
3007
3007
3007
3007
3007
3007
4955
4786
4040
4955
2724
2724
2724
2339
2982
1479
2724
2724
2724
2724
3007
4040
3693
2981
2981
2981
2724
2981
2981
2981
2981
918
2981
2981
2018
2981
3007
2981
2981
1479
4956
4956
2981
1479
2
1479
3693
4040
4040
4040
2724
2981
2981
2981
3007
3508
4758
2981
2981
4758
2981
2981
2724
2981
2724
2981
4758
498
2981
2981
2724
2981
4041
2981
4758
2981
2981
2724
2981
2981
4758
1376
2981
2981
2981
2981
2981
4040
2981
2724
3007
3508
2981
2724
498
2724
3007
2981
3508
1479
2981
1479
2981
3007
3018
2981
3995
498
3007
2981
498
3007
4041
2981
3693
3
3007
3007
3007
3007
2724
3508
3508
2018
2981
2981
2018
2981
2724
1376
2724
2981
2827
2724
4758
3007
3693
3007
3007
3693
3508
3007
918
1479
2724
2981
2981
4758
4040
2981
2981
2981
2981
3007
3961
2981
3007
3007
3007
2981
2981
2827
2981
498
2724
2981
2981
2981
2724
2981
2981
2981
2981
2981
2399
2981
2724
2981
2981
2981
2981
2981
2724
2724
2724
2724
2724
2724
2724
2981
1376
1376
1376
2981
2981
1797
1797
1797
3007
3007
2724
3007
1479
1479
1479
1479
3007
3007
2724
3007
3693
2724
2981
974
4955
3007
3007
3007
3007
2339
2981
2793
2981
3007
2981
3007
2981
2981
3007
2981
2981
2981
2981
3007
3007
3007
3007
2981
2981
2981
2981
3007
2981
4758
2981
2981
2981
2981
2981
2981
3007
2981
2724
2981
2451
2981
2981
2981
974
3018
5095
498
1795
3693
1479
1778
1799
3007
3007
2981
2981
3508
3508
2724
1283
2724
2724
498
2724
498
2981
918
2981
3693
2981
2981
2981
3007
2981
3007
2981
2981
3508
1557
2724
2724
3007
2724
3508
4123
498
4786
2981
5103
203
2981
2724
3693
3007
3007
2724
2018
2981
3007
1479
4955
2981
2018
2724
3007
3007
2018
2724
1479
3007
1479
2919
2724
2981
3007
2827
3007
3007
2724
5111
4960
5111
2981
4758
3007
2981
4758
2827
2981
3508
3007
2724
1376
2724
2981
2981
3007
3783
2981
3693
3693
3508
2981
2981
2981
2981
2981
2981
2981
2981
2981
3508
918
2295
2724
2445
2981
2724
3007
4041
2846
3007
3007
3508
3007
4758
3508
3508
3007
4758
3018
3007
2981
3693
2981
3995
2724
2981
3007
3007
2827
1479
2981
3007
3007
3007
3007
3007
3007
3508
2827
3693
2981
2724
2724
3693
3995
3995
1376
1376
2724
2724
2724
2724
2981
1376
2981
4041
1479
2724
2724
5106
4041
3693
2724
2724
2724
2724
4758
2981
4758
2981
2018
2018
2981
2981
2724
2018
2724
2981
1479
2981
4758
2724
2724
3883
3961
5106
2981
2724
2981
4758
2981
1479
3007
4951
2018
3693
3693
2981
3693
3693
2981
3693
3693
2724
2981
2981
1376
4040
4758
2981
2981
2724
3007
2724
3007
2018
5120
3693
3693
3693
3693
2981
1479
5102
498
2981
3007
1376
3007
3007
3007
3007
1479
2981
2981
4961
2981
2981
3007
2724
2724
2981
2981
3007
3693
3693
3693
2724
3693
2981
2724
2981
1479
1479
4960
4960
4960
4960
2724
4960
4960
2724
2981
2981
2724
2724
4953
2724
2876
1479
1376
4786
2724
3693
3508
2981
2981
2827
3508
3693
3961
2724
2981
2981
918
918
2724
918
2981
3693
2981
2981
2981
2724
2724
918
2981
2981
498
2981
3693
1376
3007
2724
1376
3007
3508
3007
918
3693
2981
2724
2018
2724
1479
2018
2724
2981
3007
2981
2724
3508
4041
2724
2724
2981
4041
2981
2724
498
498
4041
4041
5130
2724
3007
2724
1376
2981
2981
3007
4758
2981
4758
5130
4758
2724
2724
2981
3693
3007
2724
3007
2570
4758
2018
2981
1376
2981
2981
2724
2724
1376
1479
2981
2981
1479
2981
2018
2981
4041
4953
3007
5115
2724
2724
2724
2981
2724
4040
2724
2981
2724
2724
2724
2981
1479
2018
4040
2724
1479
2724
3693
4956
2849
3007
1797
3007
2724
2849
4956
2724
1479
1479
2724
3007
2541
2724
4040
4786
4041
5103
4616
2724
4616
3693
2724
2018
1479
2018
2018
4041
2445
1479
1479
2724
2724
5115
2724
2724
3961
4143
4143
2981
2724
4143
2445
4758
1479
1376
2724
2724
2399
2724
4961
4040
1479
4955
2018
498
4955
2018
4786
4040
2981
4954
3508
2018
4758
4758
3007
2981
4758
3007
2724
3007
498
3508
2724
3508
1479
3508
2724
4758
3693
2724
1795
2981
3693
2827
5103
3007
4786
3007
4758
2724
2724
3007
498
2724
2981
3693
498
3693
3693
4040
3508
3693
3508
2724
2724
3508
3007
4040
2981
3007
918
2981
918
2981
3508
2827
3508
2724
3508
2724
4123
3007
3007
2724
4786
1479
2724
1479
2724
4041
4760
2724
2724
4758
3693
2724
2724
2981
3007
3007
3508
4040
2981
2
2981
1766
3007
4758
3508
2018
3007
4758
1479
3693
4758
2981
3508
3693
2724
2724
2981
4758
2724
2981
2827
2724
1376
2981
2724
4758
3007
3508
4041
3508
3693
2018
1376
3007
3693
1376
2981
3007
3007
2724
2981
4758
2724
1479
2724
2018
498
4951
2981
3693
2981
3508
2827
2724
2827
3693
4040
1376
2018
1479
3693
2018
498
4758
2981
2981
3508
2724
2981
203
2981
2981
2724
4758
2671
1479
1479
2981
2671
3945
2
2981
4786
4760
1376
4955
3693
2981
2981
1778
4955
4758
2981
5120
2724
1479
2981
2
2724
3693
2724
2724
2570
3693
2981
2724
2981
4758
2724
2724
2827
2981
1376
2724
2981
4758
2981
1376
3693
3508
1816
2724
1479
4758
4955
2724
2724
2981
2018
2724
2981
3693
3693
2981
203
2981
2724
2724
4045
2724
4758
2724
2018
2724
4758
4758
2981
2724
3945
2981
2981
3693
2724
1479
2018
2981
3693
3693
2827
498
2126
4045
3930
1376
3
4041
2724
3693
4758
2724
2981
4758
2981
5115
4045
4966
1479
3693
4041
2724
4967
918
2724
2981
2724
3508
2827
2448
2981
3693
3693
3508
2981
974
3007
2724
1479
1479
3
1479
1376
3
1479
2981
3693
1479
2724
2724
3693
2876
3693
4758
2724
2724
2981
2724
4786
2724
2981
2981
2981
5028
3693
2981
2981
974
4041
2981
2981
2981
2724
2981
2724
2724
3007
4955
2981
3007
5106
5115
2018
2981
2724
3693
2724
4758
4758
3007
2981
2981
3693
3508
4121
2981
2724
3508
2981
2981
498
2876
2018
1479
1479
2724
2724
3693
2981
4970
2724
2981
3693
2724
2981
2981
4758
1479
2724
2724
2827
2724
4955
2981
2981
2981
3693
4758
1376
2018
3693
4041
3007
3693
3693
2724
3508
2520
2724
3693
3693
2724
498
3999
4040
3961
2018
2724
2981
4951
3693
2724
3693
2724
3693
3693
2724
2724
3693
2724
4326
3693
2724
1778
3508
2981
2724
2981
2724
2724
2724
918
937
1479
2724
2724
4040
1778
2981
2018
2724
2724
4967
4045
2724
2724
2981
2724
2724
2724
3508
4786
4967
2724
3693
3693
3508
2981
3693
2724
3508
3508
3508
3508
3508
3508
4967
3768
5
5
2724
4786
4786
2981
2724
498
498
498
498
498
3508
3693
498
2724
2724
3693
2724
2724
2018
3693
3693
4967
974
2724
3693
3693
3508
3693
3693
2724
3693
3693
2724
3693
3436
3693
1479
2981
2724
3693
3693
3508
2018
2981
1479
2724
2981
2981
2981
2724
2981
4758
3693
3693
2724
2724
2724
2399
2724
2827
4758
3961
2724
2018
2981
1479
1479
1479
1479
4955
4758
3768
3007
3007
1479
1479
2724
3508
498
3508
2724
2724
2724
2029
2018
3693
3007
3007
3007
1479
2724
498
3007
2724
1479
2827
2724
2
2029
2827
2724
3508
4786
3508
3693
2018
2827
3018
2724
2981
3693
3508
3693
2876
2724
2981
2724
2724
3007
4123
2981
3007
2724
2399
2724
3018
2724
2724
2981
2981
4040
2981
4041
3007
3693
2981
4758
2724
2981
4758
2724
2724
2724
2759
4041
2981
2981
2433
4040
2724
2981
1830
4960
3508
2724
2724
4041
2981
2724
2724
5095
2724
3693
2724
4626
3693
2018
2018
2724
1479
2981
1772
2827
4041
3508
3693
2827
918
2981
4041
2981
2981
2981
2981
2018
962
2827
3999
4758
1376
2724
2981
2981
1479
2018
2018
2724
4758
3508
3693
4040
498
498
2981
2724
2981
2981
2981
2981
2981
1479
2981
1479
2981
3693
2724
1479
4758
4786
3693
3995
3007
2981
3508
2724
974
2981
498
2827
2018
3007
2981
1479
3007
3007
2827
2724
4123
4953
1909
3007
2724
2981
498
2724
2981
2724
2827
2981
2724
4040
2724
4041
2448
2724
2018
282
2724
3007
2018
2981
2981
2981
2981
4041
2981
2981
2724
2724
2981
974
4041
4041
2724
2724
2724
2724
2724
2724
1479
2724
3995
2724
2724
2724
2724
2724
4041
4041
3508
2724
2724
2724
2981
2724
2724
3007
2724
2724
2724
2724
2724
2724
2724
2724
2724
2724
2724
1373
2724
2724
2724
2724
3007
2724
3007
2724
2724
2018
3508
3693
1479
2724
2724
498
3007
2724
3007
3693
2018
2724
2981
1479
2018
4041
3693
3693
3693
3007
4041
2724
2724
2981
2981
2981
2448
3007
2981
2981
3007
1854
2724
2724
2981
2724
2981
3693
2981
3693
5057
5057
3007
4966
2981
2981
2981
974
2018
2724
2724
3007
2981
2724
4786
4786
4966
2981
2724
2724
2981
4758
4041
2981
3007
2724
3007
3693
3007
1795
5111
2981
2981
1778
3007
4045
2724
4045
2981
2724
2724
2981
2981
2981
2981
2981
2981
498
2981
2981
4758
2981
498
3007
2724
2981
2018
3007
2981
3007
1479
498
2724
2981
2724
2724
3508
3693
2724
2724
2981
2981
2827
498
2981
2724
3693
2827
1376
4758
3693
3508
1479
2974
4758
4758
2827
4040
3768
4951
4758
1479
2981
4758
4758
2018
3007
3007
2827
2827
4758
5111
3007
3007
4041
3693
2724
2018
3693
2724
2827
2981
4758
1479
4758
2724
1376
3693
4758
3508
4041
2724
2724
2827
2724
1479
2981
2827
2724
3058
2724
3007
3007
3007
3508
2724
498
3
498
2018
4041
3693
3693
2724
2827
4960
2399
2399
2981
4758
2724
2849
3508
3693
3693
4041
974
2981
1479
3995
4040
2018
2981
2724
3007
3995
3693
918
1479
2981
5112
4041
1376
4041
2981
2724
2981
3007
3508
3436
2827
3508
3693
3693
3007
2724
2018
4041
2018
2018
4041
2724
3
2981
3007
2724
2827
2827
2724
3508
3007
4827
2724
2724
2919
2724
2981
3508
3693
2724
2724
4786
3007
2724
2724
4040
1479
3508
3693
498
2827
498
5102
2724
2724
3693
4955
2981
3693
3693
2724
2724
1479
4041
2981
3693
2724
4758
2018
1479
2724
2982
2827
4045
3007
3007
2724
2724
2981
2981
2981
4040
2724
2981
2846
2981
2724
2981
2981
2981
3693
2981
2724
2724
2724
2827
3508
2827
5111
3007
2018
2724
918
2448
498
3508
2724
2724
2981
2827
4967
498
2724
3007
3508
1010
3508
2029
2724
1479
4825
3783
2724
2724
4041
4842
4041
3508
2724
1479
2981
2724
2724
1764
4758
4335
2827
2724
2981
2724
4041
5120
4041
2724
2724
4967
2724
2724
498
498
2827
974
974
4967
2724
4041
2724
3693
2981
3508
8
4143
3693
3693
3693
498
3693
4758
498
1479
4760
2724
3508
4243
3693
918
2724
2724
2018
1479
498
3693
2981
2981
2981
2570
2724
4949
2981
2981
1376
2981
3007
3007
4758
2827
498
1557
498
2724
4045
3007
4786
1376
1479
2981
4626
2981
2018
974
3693
498
498
3693
2724
2018
1375
3999
2827
2724
2018
2724
1376
498
5
2981
2827
5095
2724
2981
2724
2724
2827
498
5120
2724
3693
2827
2724
2981
498
2981
3007
4041
2724
2827
2724
2029
3007
2520
2981
2724
4758
2981
3007
2724
3508
4041
3693
2724
2981
4045
2724
4045
2399
2981
1479
1479
2
2981
3508
3693
2724
4536
2724
2724
498
2827
3693
2724
2018
4672
3693
2724
2981
2981
2827
4967
2981
4040
2981
1376
2724
2981
918
1479
918
2981
3508
2981
3508
1174
4041
2724
1479
2981
2981
2981
2981
3007
498
2018
2724
498
2981
2018
2919
2724
3007
498
2724
4123
1825
2570
2724
3007
3007
1376
2724
2018
1479
1479
2981
3693
2724
498
3693
498
2827
2724
4786
2580
2724
4616
4786
1376
2
4040
3961
3693
4970
3693
4970
3007
4966
3693
4966
4966
1479
2724
4966
1479
974
2724
4970
4970
1479
4760
2981
3693
2724
2724
2981
2981
2668
3693
1376
2981
2580
2018
3693
3007
4758
3693
498
2724
2724
3693
2724
3693
2724
2724
2827
2981
3693
3007
3007
3007
3693
3930
2724
2759
2724
2827
3693
3007
3693
3693
3508
2724
2827
4243
4040
2724
2018
3007
3007
3508
4040
4040
3007
2724
3693
2724
498
5111
4960
3693
3693
974
3693
3693
2724
2981
1479
2724
4758
4326
498
2827
3007
3693
2724
3007
937
3007
3693
918
1479
2981
2981
3508
3508
3693
3508
3508
2724
2836
2724
3768
2724
3508
2981
2018
3007
2
1479
2724
3961
2018
3693
498
5115
2981
3693
498
3508
3693
2018
3693
3508
2724
2827
4960
3693
3007
2018
2724
2724
4758
2724
2827
3508
1376
2981
498
2981
2724
2876
2724
2724
4966
2724
2724
2981
3007
2724
3007
3693
2724
3007
3007
3508
2827
1283
4967
2724
2724
3058
2981
2981
2981
2724
4123
2724
3007
2724
1557
2724
2925
1778
1479
2981
4040
4758
937
4966
3508
2339
2
1479
1778
2724
2668
2981
2018
3995
2981
2724
1376
2981
2570
2981
4672
1479
2981
4786
2724
2981
4536
4123
2029
3693
2981
498
2981
2724
2520
4786
3007
2827
2724
2724
2981
2724
1479
2981
3508
498
3508
2724
2724
2018
2724
3693
2827
4786
4041
1479
2724
3007
2
2827
2827
974
2981
3807
3007
2981
3007
2724
2724
3508
2724
1479
2724
3007
2876
3007
2981
2724
2018
3007
1479
2724
2724
4121
2981
4960
2724
3007
2724
2724
3007
1190
2570
4041
2
2724
3693
2827
2
2724
2724
2981
1479
2724
1830
1479
2724
2724
2724
2981
3007
2981
3508
498
3693
3961
498
498
3007
2029
3007
1376
2724
498
3945
3007
2724
3508
3007
2018
3007
2018
2724
2724
498
3508
2724
2981
3007
3693
2827
2724
2724
2724
2724
3693
3693
3007
2981
3693
2981
2724
2724
2827
4786
2981
2981
3007
3007
2018
3693
3007
2981
4758
2724
2724
4326
3007
2724
3007
3007
2981
2724
2981
2827
4954
4758
2724
3007
4123
2018
2981
498
2981
1479
2981
2018
2018
2724
3693
1479
3693
3693
2981
3007
2981
2981
2724
498
2981
3007
1479
2029
2981
3693
1479
2981
3007
2724
1479
2827
2724
2724
2981
2981
2827
2724
2724
5057
2018
3693
2018
2724
4040
4041
3693
4040
1479
3508
2724
3693
2981
2981
3007
3007
3007
2295
2981
3007
2813
3693
2724
2827
3768
2724
2724
1816
2671
2018
4758
1479
2
3508
4356
2827
3693
2827
4041
2981
2018
2827
3007
3693
2981
1479
1479
2724
3768
4758
3007
2981
4758
2981
2724
2981
2981
2981
5102
4758
2724
2724
3930
2018
2724
3007
4758
4041
937
2981
1479
4356
2827
3693
3508
2018
2724
2981
3693
5111
5095
1479
498
3007
3768
2
2724
2981
3007
2724
2827
2724
2981
4786
2724
2724
4786
4960
4966
4041
2724
2724
2724
1479
4758
2018
2981
2981
4243
2724
2982
3693
4955
2982
5028
2018
3007
3693
2339
2827
918
1479
2981
2724
498
1479
2724
2724
3508
2724
2724
2827
3693
4951
1479
2724
3007
3693
3930
2724
2724
4967
2018
1479
3007
3007
3693
3007
2724
2724
2981
2724
498
2724
2724
2981
2724
498
2724
5042
3693
3007
3693
3693
1479
4143
4955
1376
5
2
2724
2724
3693
2827
2724
2018
2724
2018
2981
2981
4040
4040
4040
3508
2981
3007
1479
3007
2724
3768
2981
2981
5076
2981
3768
4758
2570
4956
498
2724
2981
2399
4758
2981
2724
3508
4758
2827
2827
4758
498
2981
2981
2018
2827
952
2981
1479
2981
1479
3508
2981
2981
4955
3508
3508
2724
4951
1479
2724
498
2
2018
2724
3007
3007
3007
2981
2981
2981
2827
2724
2724
2018
3693
3508
3693
974
4758
2981
2981
2724
3693
2724
1479
2724
2724
2724
3508
3508
4951
2724
2724
2981
2018
3508
3693
2827
2981
2981
1376
3693
2724
2827
3693
2724
2724
2724
2724
3693
3693
3693
2981
3693
2018
3007
3508
3508
2724
2029
2724
2724
3693
3693
5095
2981
2724
2724
2724
2981
2981
2981
3693
3007
2724
2724
2981
3508
2018
2018
4758
3007
3007
3007
918
1479
2724
3768
3995
498
2724
3007
2724
1479
2724
2981
2981
2981
2724
2981
4243
2981
2724
4956
3508
5111
2724
2981
2981
3508
2981
2981
2981
2520
2724
498
1479
1479
2981
2981
2724
2724
3007
2724
2981
2981
2981
2724
2981
2981
1479
2981
3007
2981
2981
2981
3693
2759
4966
2981
2981
4967
3693
3693
4967
2981
3508
2827
1764
2981
2724
4041
2724
1479
2018
3999
2724
2981
2981
3508
3508
3995
3693
2724
2018
2724
1778
2827
2724
2724
3007
3508
3693
3693
2724
3693
2570
1479
3693
2724
3508
2
2724
2827
5042
2018
2981
2981
3007
3007
2981
3007
2724
2981
2724
1174
2925
2724
2724
2827
3508
1479
918
918
2981
2981
2981
2981
2981
2981
2981
203
2981
2981
1376
3508
937
2724
4041
2981
2018
2724
3508
2018
3508
3508
2981
918
3508
3508
3508
3508
2981
2724
2724
2981
2724
3508
3693
2981
2981
4041
2827
1376
2724
1479
4758
4966
2018
3007
2981
2827
5112
3693
2981
2724
498
1479
4967
2981
3693
3768
4041
3693
2295
2018
2827
2981
4760
2724
2724
2827
2981
1375
3018
3007
4040
3693
4040
3693
2724
3693
3693
2724
3007
5115
1479
2724
4758
498
3693
2018
3508
4833
2981
2018
2981
2981
2981
3693
2724
2724
2724
2981
4040
1479
1479
4758
3693
3693
2981
498
4263
2981
2981
3693
2724
3693
3693
3693
2982
5
2981
3693
3693
4758
2724
3508
1772
2724
3961
2981
3693
3508
2724
2724
2018
2018
4786
2304
3007
2981
3007
2981
4951
3007
3007
2724
3007
2304
3007
2724
2724
2724
2304
3693
3693
1190
3693
4955
2981
2724
2724
2724
2724
2724
3693
3007
3693
2827
1479
1479
498
2724
3693
1479
2981
3007
2827
4758
2724
2724
3693
2981
2018
2981
3693
3007
1479
3007
498
2303
2724
3447
2724
2724
5095
4758
3693
498
2981
1479
1479
1479
3007
1479
3007
2827
3693
4041
5028
1479
2724
2827
2981
1010
4758
2981
4758
2981
1479
2981
2018
3961
5042
3995
3693
2570
4041
2018
2724
2724
2724
3693
3007
2724
2724
2981
2724
2827
2724
2724
2018
3693
4040
2724
2724
4041
2018
2724
2724
3007
2724
498
498
2724
2827
3999
3693
2981
2981
2981
2981
2724
2981
1174
918
4041
3508
2827
2827
3007
2018
2981
2018
2018
3693
2981
2724
3693
3508
2724
203
1778
2981
3693
3693
1376
2018
2827
2836
2981
3768
2981
2724
918
2724
2981
498
4786
4123
2018
2018
3961
3961
2724
2724
2018
1479
2724
2981
2724
2724
2724
2724
2724
2981
2724
3508
2018
4758
3007
2724
974
2018
2724
2724
2724
3928
2018
2981
2827
2724
2827
2724
3508
3508
2981
2981
2827
4842
498
2724
3007
3007
2724
3007
3693
2724
1795
2981
2018
2
918
2724
1479
2724
2724
2981
2981
2981
2724
2981
2724
2304
2981
2724
2724
2018
3693
3007
3807
3508
2827
2724
4212
3693
2018
3007
918
2018
2724
4041
3693
3693
2724
2981
4041
2724
2827
2724
2724
1376
2981
2724
2981
3007
498
498
2448
2668
1816
1799
2981
1376
3007
2724
2724
3930
3007
3508
2
2724
3693
2827
3
4966
498
2724
1479
3693
2724
2724
3508
3693
2724
1479
1376
3693
1479
2724
4041
2724
918
2018
1283
2827
4786
1772
4123
2981
2724
498
4842
2981
2827
2724
498
498
3508
3508
3693
4041
2724
2724
5028
2827
2981
3693
2724
4758
3508
3869
2018
2724
2827
3007
4955
2724
1479
2018
1778
3693
3995
1479
2981
3508
2018
2724
3508
3508
2724
4040
3121
4758
3693
2724
3007
3007
3007
4758
3693
2981
4758
974
2981
2981
2981
3007
2981
2981
2981
3007
2981
2981
2981
3999
4955
2724
2724
4040
3007
3693
2724
2981
3121
3007
3508
3007
3508
3693
3007
3007
3007
3693
3007
1825
2981
5035
3
1479
2724
4967
2981
4967
3007
4956
2724
3007
3007
3
3007
2724
3007
1479
2724
3007
3007
1479
4955
1479
1479
4956
3007
4786
2724
2981
2981
2981
4758
3508
3693
3693
2018
3007
4955
2724
2724
4967
2724
2724
1479
2724
3693
4967
3693
2827
3693
3693
3693
3693
3007
2724
3693
3007
2018
3693
2724
3693
3693
3007
2018
2018
2982
3508
3508
2295
2295
2981
2724
2724
2981
4587
4786
2981
4040
4672
2018
3693
1778
2724
498
2724
3508
3508
2018
498
2724
2981
2981
2724
498
498
2724
2724
2396
3508
3693
3508
3007
3508
3508
2018
2724
3995
1479
1479
1190
3693
3693
3693
3007
3693
3693
2827
937
1479
2981
3693
3693
1479
3508
2724
2724
2724
3007
2018
2724
2724
2018
2724
3693
3007
2981
3693
3508
4758
2724
5115
2724
3693
2724
4758
3007
2724
2724
4263
2724
1479
2724
2827
2827
3007
3007
3693
1479
2671
498
2724
1479
3508
2827
2724
3007
2724
4040
2724
2018
498
974
3693
2724
2981
3508
2827
2724
2724
3693
3508
2018
3121
3508
3508
2724
3693
3007
2018
2018
1479
1479
3693
2018
2827
3693
2981
3693
3693
2827
2724
3693
2724
3007
2724
1772
1479
3007
2018
2724
3436
3693
2981
5028
4758
4041
2982
2018
2827
3693
2018
4758
2724
3436
2827
3693
2876
2981
3007
4758
3007
2827
2827
3007
2827
2724
2981
2724
2981
3007
2724
3007
2981
2018
5111
3007
3007
3007
2981
498
2724
1479
2018
2827
2827
2018
3007
3007
2724
2724
1479
3007
2724
498
498
498
3508
3508
2724
2724
2724
1479
4955
2724
3007
3768
3007
2981
3007
4960
1479
3007
3007
2813
3508
3007
2724
3007
2724
2018
3007
2724
3007
3508
3693
3007
2981
3693
3007
2981
3007
3007
3007
4041
3007
3007
2981
3693
2981
4842
3007
3007
3007
2724
498
3007
1479
2981
3007
994
2981
5106
3007
1479
2981
3508
1479
2724
3508
2981
2018
3693
4758
2724
2981
4758
3007
2981
3007
4967
3007
3007
2981
4758
2981
2827
2
974
3007
3007
2018
4955
2981
3007
2724
1479
4955
3693
2981
2981
3693
3007
2724
3007
3693
2724
3
3693
3007
1479
3693
3007
3007
2981
1376
2981
3007
2451
3007
2724
2018
3007
3007
3007
2724
2981
2018
2724
3007
2018
2443
3961
4960
2448
498
3007
2981
3693
918
498
2981
498
2018
4040
2981
1479
3693
2724
498
498
498
5035
498
5115
2724
2724
3007
203
3508
498
498
3508
2724
3007
1479
498
2827
498
2724
498
3693
4955
498
1479
2724
4758
2981
2981
498
2981
5075
3693
2981
498
2981
2981
3007
498
2724
4951
4960
4955
2724
4955
4955
3007
3007
2018
2724
2724
2724
5106
2018
2981
4955
2724
4955
4041
498
2981
2724
2724
4955
2724
498
991
2724
2724
2724
4041
498
498
498
4758
2981
2
2724
4955
1283
4786
498
2724
2974
1479
2
2981
3508
4041
3508
498
2981
4954
2724
3508
2724
498
3007
3007
498
3693
3007
3007
498
3007
1479
2981
2981
2018
498
2981
3007
2981
2981
3007
2981
498
3007
3007
3007
2724
3999
4123
3693
2724
1479
2724
498
3693
3007
498
3508
3007
498
2724
3007
498
3007
3007
2724
2724
1799
3007
2
2724
2981
4040
2981
2724
2981
3007
3995
2018
4758
4758
1376
1376
3007
3007
3007
2570
1778
3508
3007
3007
2981
2724
4041
2724
2724
2724
3508
2724
2849
4758
2018
2724
4758
2018
2827
1376
3007
4967
4041
4758
2724
4758
2981
1376
4758
4758
2981
3007
2981
2981
2981
3961
2724
2981
2981
2981
3693
2981
2981
2759
2724
2018
4587
2827
2724
3508
1479
2724
3693
2018
498
3693
1479
2724
1479
1479
3693
1479
1479
1479
3693
1778
3693
2668
2724
2724
3007
2724
3693
3121
3508
4960
5095
3007
2018
4758
4123
2813
3508
2724
3007
3693
3693
2827
1778
2724
2018
498
2724
5120
4627
1479
4758
3693
2925
2018
2724
1479
3007
1479
3007
3693
2018
2018
498
3508
2827
4758
3007
2724
2671
2724
1479
2981
2018
2724
2724
1557
2827
2724
3693
2827
3007
3007
3007
1376
3007
3007
2982
3007
3007
2981
3007
1479
3007
4758
2724
2724
3693
2724
2724
3693
3693
2724
2724
2724
3693
2981
2914
3693
2813
3508
2827
1772
498
498
2724
4143
1479
2724
1479
3007
1479
3693
1778
937
4758
2724
1479
4041
498
2018
2827
2981
498
2724
2724
2724
3693
3693
2846
498
1373
2765
2724
3007
3007
1479
1479
2724
2724
2981
1479
3007
3007
498
3693
3007
3018
2827
1283
1283
498
2982
1479
4955
3693
3508
2827
3007
2724
2827
2724
3693
2724
2570
2339
498
4758
1283
4758
2724
3007
2724
2018
2724
2827
2981
2018
2724
4758
