2981
2981
4758
2981
2981
3693
2981
4758
3007
3693
2724
3007
4967
2981
3508
2018
1565
3961
3007
3007
4967
3007
4758
3007
3007
3007
1543
3007
3007
4041
3007
1543
2981
3693
3007
2981
2724
3693
2981
2724
2981
2724
2724
3693
5112
2724
2981
2724
2724
2827
2018
4041
3693
1825
2724
3007
2724
2981
4786
3007
2724
2981
2724
4041
4041
2018
2981
2981
3007
3007
3007
3007
3007
3007
3007
2981
2981
1376
3007
3007
2724
2981
3007
3007
3007
2724
2724
2724
2981
2813
2724
4758
3007
3058
3007
1909
1909
3007
2981
3018
3007
2724
2724
2724
3007
3007
4040
3007
5095
4758
3007
3007
3007
5042
2827
3007
3007
3007
2790
3007
4720
3007
3007
3693
3007
3007
3007
3007
4041
3007
3007
3007
3007
3007
3007
3007
3007
3007
4335
2981
3007
2981
3007
3508
4041
3007
2876
4040
3007
3961
3007
3768
1376
2108
1376
3007
3007
5095
2981
3007
3007
5095
3007
4041
3007
3508
3007
3007
3508
3007
3007
3693
3007
2443
3007
3693
3768
1376
3508
107
3007
4758
4758
3007
4335
3007
3007
3007
3007
3693
3007
3007
3007
1376
1376
4758
3007
4786
2981
1376
2981
1479
2
2916
2724
2981
2981
2724
2724
2724
2724
1799
2981
2724
2724
2724
2724
2981
5095
4786
2018
3768
2724
2724
2724
2724
3007
2399
2018
2981
2724
1479
2827
4955
2981
2981
2724
1479
5094
2724
2018
2981
2827
2018
2018
2981
2981
2827
4758
2981
1376
5078
3508
4958
2724
2981
2724
2724
2724
2724
1479
1825
2108
3508
4758
1479
3508
3998
1479
2724
3693
2018
2981
3961
2981
2981
2724
3693
2981
3693
2724
2836
2981
3007
2981
1791
2981
2981
2724
2981
2981
2724
2981
2762
2981
2724
2827
2981
2981
2981
2981
4758
2724
2018
4758
3998
2018
2981
2981
2981
2981
3007
2981
3961
2981
2724
1376
2981
1565
2981
2724
3693
2981
2981
2981
2981
2981
5106
3693
3693
2982
2981
2724
3693
2018
2724
2827
4967
2724
2018
2724
2018
3007
2827
3508
3508
2827
3693
2857
1479
2981
2018
3508
2827
2018
3693
3693
4758
2018
3508
4040
2724
3007
2018
5120
2724
3007
3693
2018
3693
498
2724
3007
2724
1963
2018
4961
498
5042
2724
2981
3508
2981
2724
1376
0
3007
2724
4758
3693
2724
2981
2724
3508
3007
2827
2724
2827
3508
2981
3007
1479
3693
3693
2827
3693
3693
1565
3930
3508
2724
3508
2018
1373
2724
3693
3124
4143
3508
2018
2724
5095
1376
2724
4758
2981
2448
2018
2981
2724
2724
2981
2981
4955
2981
3007
2018
4040
2724
2724
3693
2724
4040
2981
3007
2018
1565
2724
2724
1565
2981
1479
2724
2981
4758
3007
4326
2981
2724
2981
2018
2827
4123
3508
498
2827
4123
1376
2981
2981
0
2
3995
5042
1559
2981
2724
2724
2981
498
3508
2981
2724
2724
2724
2981
2981
2724
2724
2724
2724
2724
2981
2724
2724
2981
2981
3007
498
3693
2724
498
2981
1764
2981
2981
1479
1479
498
2724
1479
498
4587
1948
2724
2981
2724
1948
1488
2981
2724
2724
2827
5078
2724
2981
4955
3693
2724
3508
2018
3007
2724
0
3693
2827
3693
2724
498
2981
2981
5111
2981
2981
2724
2724
2981
4955
2827
498
2
3693
3693
3007
2724
4041
2827
3508
2724
2981
2981
2724
3961
3693
2018
3007
4758
498
498
3693
3693
3007
2
3693
5095
3693
2724
3693
3007
498
3007
498
3693
3693
3007
3693
4786
2724
2570
2724
4786
2981
3357
2981
2724
2018
1479
2981
3693
3693
2
3693
3007
2981
498
2724
3693
3508
2981
2981
2018
3058
3508
498
2981
2981
2827
2827
1376
2724
2724
2827
3693
5028
2724
2827
3693
1479
2724
1376
3007
2981
1376
2981
2740
2018
2724
3007
2827
2981
3007
2018
3007
2724
3007
3508
2981
2827
2981
2724
1565
2981
498
2724
4758
4758
2724
1376
498
2981
0
3007
0
2724
3007
2724
3007
2981
4758
1553
2018
2981
2018
2724
937
2724
4041
2724
3693
498
3007
3693
2981
3693
2018
4041
5028
2724
2018
1376
2724
3693
3693
498
3508
3508
3961
3693
3693
3693
0
2
3693
2981
2724
3693
2981
498
1539
1479
3693
2981
1376
2018
4672
498
3508
3007
2981
3007
3007
498
498
2827
1479
2724
2724
4758
4758
1376
3961
3961
3961
2981
3007
2724
3007
3007
2981
2724
2827
2724
2827
2724
3693
2018
3007
2018
3693
1479
4786
3693
2724
2981
1479
5042
3693
2981
2724
2724
3693
2018
2018
2018
2018
4758
2827
2018
4041
498
2981
1205
1479
2724
2018
1948
2018
498
1825
1479
2827
4041
2981
498
2018
2981
2857
1479
498
2724
2018
3693
3508
2827
2827
2724
2724
2724
93
1479
3693
3007
2827
2724
2724
2018
4955
2981
2724
3693
3
2724
3508
2724
2724
2981
3693
3007
918
3693
3007
3508
3693
2827
2981
2724
3693
2981
2981
2724
2981
4955
2724
3508
498
3869
0
4040
1479
2981
2724
2981
2981
2981
2981
2981
2981
2981
2981
2981
2724
2981
3508
2724
2724
2724
4758
2981
2827
2981
2724
2724
4536
3508
3124
1479
2724
1948
2018
2827
3124
2724
3007
2981
2724
3007
4041
3007
2724
2827
2827
2827
2827
2827
2827
2827
2724
2018
2724
2724
2724
2018
2724
2724
2724
2018
4672
2724
2724
4356
0
0
2981
1909
2790
2018
2
4955
2981
3693
498
3121
2827
3007
2981
2724
2018
4955
0
2724
2724
2018
2724
4041
2018
2724
2018
2724
2396
4587
0
2570
2981
2981
2724
1479
2018
2018
2
2018
2981
2
5106
2981
2724
2981
3768
498
2724
2724
2827
4041
2981
3961
2981
2018
2018
2724
2827
1376
3007
3007
2981
2018
2724
2018
2018
2018
2724
2018
498
3508
2981
3508
2018
2981
498
2724
2981
2981
2981
4758
1559
2724
0
2827
5120
93
5115
2018
3508
5115
3007
2724
2724
2857
2857
2724
2018
2018
4536
4758
498
498
498
3007
3007
3007
2724
2981
3007
2018
3007
3007
1479
2724
2827
4758
2724
2018
3007
2018
2827
2981
498
498
4758
4758
2018
2981
1948
2724
3930
2724
2981
4866
4866
2981
498
1556
4758
2724
4758
3508
2827
2018
2827
4866
5120
498
93
2724
498
3007
498
3007
3007
2
3007
498
2827
3007
3007
4758
2981
3007
2724
3007
3007
2981
2981
1479
2981
3018
2827
3007
4842
2836
2724
2981
2724
2724
2724
3007
3693
1190
3007
4758
3693
3007
498
2981
3007
498
2018
3007
3007
3007
3007
3007
3007
3508
3007
3007
2724
2981
5028
3007
498
2
2827
3007
2724
2724
4041
2827
2724
2724
4955
93
2724
5120
1479
2981
2981
3508
2724
3508
3007
2827
2724
3007
2981
2724
2018
2724
2981
2018
2018
2724
3007
2018
3007
2836
2981
2724
3007
2724
2724
2836
4758
1376
2724
4758
2981
4041
4866
4758
2836
2981
1479
1376
2724
498
2724
2724
498
5035
4041
2724
2981
1479
3007
2018
2724
2981
4123
3007
2981
1190
2981
1376
1376
2724
2724
2295
3007
3007
2981
1565
2981
3693
3007
2018
2981
2018
2724
3007
2981
5115
2981
2981
2724
4758
2827
1479
2981
1479
2018
2981
2724
4041
2827
3693
4955
2981
2724
1778
3508
2981
2724
5120
3693
3693
2981
3007
2724
1376
2724
2981
2981
2724
5042
2724
3693
1292
4176
4758
2981
2981
3508
2018
3007
3007
3124
4335
2724
3961
0
2018
2018
3693
2724
1778
2827
3007
4143
1479
2724
3007
3007
3007
2724
2981
1479
2981
3508
2981
1479
2981
2724
2981
2827
3007
2981
3007
498
2724
3693
2724
2724
4176
2827
2018
4760
2724
3508
1479
5028
2018
2724
4587
3007
3007
2724
498
3508
4955
4758
2827
4758
2981
2724
3693
4758
2827
4040
3693
918
2827
3999
2724
2793
2724
2981
2981
4041
2981
3508
4955
2836
2396
2981
3693
3693
2981
2724
2981
2981
2724
3693
2724
2827
2981
4758
2981
2827
2724
4758
2827
3007
2981
2827
4587
2724
2827
3693
2018
93
2981
2724
2981
2018
3693
3007
2535
2975
2724
2981
2981
2981
3007
4335
5011
2827
2018
2827
498
2724
2981
2981
3007
3007
2724
2827
2724
2724
2981
5011
2724
498
2018
2981
3007
2981
2981
3007
3007
2018
5095
2981
3693
2018
3007
2827
4760
1795
2981
2981
3007
4955
4041
3007
2981
2981
3007
2981
4040
2724
2724
1825
2981
2981
107
1825
3018
3018
2981
4953
2981
3007
2018
2981
4967
3007
3007
1479
2018
2724
3007
2724
2724
2981
2724
2981
2827
3007
4041
4041
1909
2724
2981
2981
2827
4758
3007
3007
4758
4758
2981
2981
2018
3007
2724
2981
3007
2981
1479
5102
3007
2018
3693
1376
2724
2724
3007
2827
2827
3007
2981
3007
2018
2827
2981
2981
2724
2981
2724
2827
3007
2981
2018
2981
2724
4786
3693
2981
2724
2981
3693
2724
2724
2724
2981
2981
2018
3693
2724
1553
498
498
2876
2674
2981
4041
3
2724
3693
498
3
4758
4758
3508
2018
1539
498
3007
3768
2018
3693
2018
2018
3007
1565
3693
2981
2018
2724
2827
3693
1376
2981
2724
2981
3007
3693
2018
3007
2981
2018
4786
2018
3693
2018
3693
2724
4758
2724
2018
2018
3007
1373
2724
2981
3508
2724
2981
2981
2981
2018
4672
2981
2981
2981
2981
2981
2724
1479
2018
4760
3007
2018
2981
2981
2981
2925
3007
2018
2981
2981
3999
2981
4356
4335
2724
2018
2981
2827
498
3693
3693
2724
2724
4966
4041
2876
3693
4758
4758
4758
2981
3693
3693
0
3693
3007
2724
3999
2981
3007
2981
3007
498
2724
2724
2724
2724
2724
498
3693
3693
2724
1174
2981
3007
1795
2724
1795
5095
4786
3999
1795
3007
1909
1511
2981
1376
2724
1791
1479
1948
2981
2018
2724
3508
2
4954
3007
2724
2724
2724
2724
1479
2981
1376
2570
2724
2981
2981
3999
2827
2827
3508
5028
498
2724
2827
2981
2724
2724
2018
2981
3007
2981
2724
1479
5115
2981
3693
2981
4758
3007
2981
2724
1376
4786
1479
2668
2520
3693
4335
2724
498
2981
2
2981
2827
2724
2724
2981
2981
2724
4758
2724
2724
1376
3693
3508
2724
3693
2981
107
3007
3007
2724
2981
2304
2724
2836
3007
3007
2827
3007
5042
3007
2981
4758
498
498
3007
0
2827
3007
498
4949
2724
2
3693
2018
498
4758
2981
3007
2981
2981
3007
5028
3007
2724
2724
2981
2981
1376
498
1373
498
3693
2981
3007
2981
3693
3693
2981
3007
4176
2724
1376
4955
2724
2724
2827
2981
2018
2018
3508
1479
1376
3693
3018
2396
2018
498
3693
1376
1376
1376
3007
3
2724
3007
5106
2018
3508
4243
974
2724
4041
3508
2018
2018
4758
4967
3693
2981
4758
2724
3508
3508
5095
5111
4955
2724
2827
3508
3693
2018
3007
2827
3
2981
2724
4955
2724
2724
2724
2981
3007
2724
2724
2827
2724
2018
2724
1292
2724
3693
498
2724
3693
1479
498
2981
2724
2981
2793
2724
3007
2981
2724
2724
2981
3508
3007
4958
2981
4758
2724
2981
3693
4040
2018
4825
2724
2724
2827
5028
4758
3768
498
498
2724
3508
1376
2981
2724
2827
3124
3508
918
3693
3
4758
3508
2724
3693
3508
2724
2793
3693
2724
2724
3693
2018
2724
2981
3693
3693
3693
3693
3693
3693
2981
3693
3693
5094
3693
3693
3693
3693
3508
2724
2981
498
3508
2724
3693
1376
498
3693
3693
3693
2724
2981
3508
2
2981
2018
2827
1376
2724
4040
3693
3693
1565
2827
2981
1772
498
3007
3768
1479
3693
1479
1376
4955
2724
2724
2
3693
4041
3693
2
2
2
2
3693
2
2018
2
2981
2981
2724
2827
4587
4587
2724
3693
1376
2981
3693
3693
2981
3693
2724
498
3693
2018
2827
2981
3508
2724
2724
2724
2724
2018
2724
2724
2724
2724
2827
2827
2981
3007
2981
3508
2724
1205
3693
2724
2018
2981
4955
1376
2724
3508
3508
2827
2724
4176
4143
3007
2724
2018
3508
2981
2981
2981
2827
2827
3693
2827
2018
2018
4758
3693
2018
1479
2827
1909
4967
2827
2827
2827
2827
2828
3693
498
4041
3693
2827
2981
3508
2981
2793
2451
3508
2981
2827
3693
2827
498
2827
3508
2724
2018
2981
3007
2981
1292
2724
2724
2981
2981
4749
2981
498
4243
2981
4176
2857
3693
4326
1376
498
1376
1010
4786
1565
3058
2724
1559
3693
2724
2981
2018
2018
2981
1376
3007
2827
3768
2981
2724
1479
2018
5042
2981
2724
2018
2018
4842
4786
2724
2981
1825
2981
2724
2724
3693
3693
3508
2981
1825
2981
2018
3508
2724
2724
3508
3508
2981
3007
3508
4758
2724
2724
2724
2981
2857
3007
1795
4672
2724
2724
2724
2724
2724
2724
2981
2724
2724
2724
2018
3508
4672
2724
2724
203
937
2724
3693
2668
4955
4123
2981
2981
2724
2981
5115
3693
4758
4243
2981
937
2916
0
3508
2790
2827
1376
3508
498
918
2724
3693
2827
4040
2981
2724
498
498
4758
3508
4040
3508
2981
0
2981
2981
2981
2724
4045
1479
1479
2981
2018
2981
3930
3930
5120
2580
4955
0
3693
2827
3508
3693
1205
2981
3007
2018
1565
3508
2018
2018
2724
2724
2724
1292
2724
2724
1795
2981
2981
2724
2399
1376
3508
2724
2018
4758
2981
4123
2981
3007
2724
2724
3007
2724
5095
1376
2981
2827
3007
2981
1565
2
3508
3508
1376
3508
1376
4041
3693
4954
3508
2018
1376
2018
2827
498
2724
3007
4243
3961
4040
498
4041
2018
2018
3693
2827
3007
3693
2018
3693
2724
3007
3693
1376
2981
2981
3007
2981
2981
0
0
0
4063
3693
2724
2724
2724
2765
2827
2827
2827
2724
2724
2981
3007
2724
2981
2724
4758
4758
2981
2981
4758
2981
4958
2724
2836
2827
2724
2724
2724
0
2724
2724
1479
1479
3
0
2018
2981
2981
2981
2724
2827
3508
2724
5095
5095
2827
3007
5095
3693
4587
3693
2981
2724
2724
5042
3508
4951
2724
2724
2981
2981
2981
4041
2981
2981
3007
4041
3693
1190
1190
1764
2981
2981
1376
1205
2724
498
498
2724
2981
1376
4842
2724
498
2724
2018
2724
1376
1376
4041
3007
2827
918
3508
3693
1479
2981
3508
3007
4758
3961
3961
5028
3007
5112
3693
2724
2018
2724
0
3007
2758
2
498
2827
2724
2827
3508
3693
3508
3508
3508
0
498
2827
498
0
2724
1376
498
498
3007
2981
498
2827
3508
2981
2018
2827
4616
1376
3961
3508
3508
498
498
4758
3693
5042
498
2724
1479
2018
4335
5042
2724
2724
3007
1948
2396
498
4786
3007
2827
2724
3
2724
3
4063
2570
3007
0
4786
4951
498
498
4955
2981
4063
498
5028
2668
2018
3508
3693
3007
1539
5028
2018
2018
3693
0
2827
498
2981
1791
1479
3508
2724
1948
3961
5028
498
2981
2018
4176
2724
4786
3693
498
2018
498
3007
2724
2827
2724
3693
2724
3007
3807
3693
498
4966
4672
2724
2981
2981
2724
498
0
498
2981
498
2793
3508
2981
3693
4243
3
3508
498
3007
1479
4041
3508
1565
3693
1479
3693
3508
4758
918
4041
1766
2724
3508
2827
2724
2724
2827
498
2981
2981
3007
3693
2981
2981
2981
2981
2981
3007
3508
5028
2981
3007
3007
3508
3007
3007
2981
2981
498
2981
4758
2981
3508
4758
3007
2981
5106
2981
3007
2981
2981
3007
4758
2827
2981
2981
2981
2827
2724
2827
2827
2827
2018
2674
2827
2981
2981
2981
2827
2827
2981
2827
3007
2827
2827
5028
2018
2981
2981
2981
2981
2981
2981
2981
2827
2981
3007
3007
3007
3007
3007
3007
3007
2981
2981
2981
498
3693
2981
2981
2981
2981
3007
3007
2018
1376
1479
2981
2981
3007
1376
3007
3007
2018
2981
2981
3508
3007
3007
3693
2981
2981
498
4758
2981
2981
3007
2981
498
3007
3007
2981
2981
3007
4758
4758
2981
4955
3007
1479
2981
3693
2981
3508
2981
2981
2981
2981
4123
2724
0
2981
2981
2790
2981
1283
3508
2981
498
3508
498
5111
2981
2981
3007
2724
498
2827
2981
2724
2827
2827
4827
2981
3
2724
1479
2981
2724
2724
4263
2846
1797
2724
2724
2018
2724
3693
1909
2724
3007
2724
2724
3
3007
1797
3508
0
2793
498
498
1479
2724
4955
2724
498
4958
2724
498
4123
2
2981
3
1479
1479
2981
2981
498
2981
3508
3508
2981
498
2981
2981
2981
2981
1376
3007
1376
3007
3007
3807
1376
3
4758
3508
2724
3
2981
2981
3693
2
3508
0
0
498
2981
1479
2981
5076
3007
2981
3693
3693
498
0
3961
3961
2724
3961
2981
2981
3007
3007
4041
4684
4386
2827
1479
1479
3693
5028
2668
3007
2724
2981
2981
2981
3007
3693
4955
3007
2018
1376
2724
1565
1963
3007
2981
4123
4040
2981
2981
2724
2724
5095
4949
4949
2981
2724
4758
3768
3508
3508
4955
3768
2981
1565
1174
3693
2981
2981
2724
2724
2724
2981
2724
2981
2981
4758
4758
2981
2981
2981
2981
1376
2724
2981
3007
3007
3007
3007
3007
3007
918
2981
1376
2981
2981
1376
4627
2981
2724
2724
3007
4758
2724
2827
3007
3007
3007
3007
3007
3007
3007
5042
4955
2724
4955
2724
2724
2724
2520
4386
2790
2827
2827
2724
2827
3007
2724
3693
2981
2981
2981
2724
2981
2981
2981
2981
2981
2981
2981
2981
2981
3007
2981
2981
2981
4955
4956
2981
3124
0
2919
3693
4040
4040
4040
2724
2981
2981
2981
3007
0
4758
2981
2981
4758
2981
2981
2724
2981
2724
2981
4758
498
2981
2981
2724
2981
4041
2981
2981
2981
2981
4386
2981
2981
2981
1376
2981
2981
2981
2981
2981
4040
2981
3806
3007
3508
2981
2724
498
2724
3007
2981
3508
2396
2981
1479
2981
3007
3018
2981
1565
498
3007
2981
498
3007
4041
2981
3693
4842
3007
3007
3007
3007
2724
3508
3508
2018
2981
2981
2018
2981
2724
1376
2724
2981
2827
2724
4758
4758
3508
3007
3007
3693
3508
3007
2981
2981
2758
2981
2981
2981
4040
2981
2981
2981
2981
3007
2981
2981
3007
3007
3007
2981
2981
2827
2981
3508
3508
2981
2981
2981
2724
2981
2981
2981
2981
2981
2399
2981
2758
2981
2981
2981
2981
2981
2758
2758
2724
2724
2758
2724
2724
2981
1376
1376
1376
2981
2981
498
498
1797
3007
2981
2827
3007
1479
1479
1565
1565
2981
3007
4041
3007
3693
2724
2981
0
4955
3007
3007
3007
3007
2981
2981
2793
2981
2981
2981
3007
2981
2981
2981
2981
2981
2981
2981
3007
2981
3007
2981
2981
2981
2981
2981
3007
2981
4758
2981
2981
2981
2981
2981
2981
3007
2981
2724
2981
2793
2981
2981
2981
0
2758
5095
498
1795
3693
2674
1778
290
2981
2981
2981
2981
2724
3508
2724
3508
3508
498
3508
3508
498
2981
2793
2981
3693
2981
2981
2981
3007
2981
3007
2981
2981
3508
1557
2724
2724
3007
2724
3508
4123
498
4786
2981
4386
3783
2981
2724
4386
3007
3007
2724
3508
2981
3007
1479
4955
2981
3508
2724
3007
3007
2018
4955
1479
3007
1479
5042
2724
2981
3007
2827
3007
3007
2724
5111
2520
5111
2981
4758
3007
2981
4758
2827
2981
3508
3007
4958
1376
2724
2981
2981
3007
3783
2981
3693
3693
3007
2981
2981
2981
2981
2981
2981
2981
2981
2981
3007
2982
2762
2724
2445
2981
2724
3007
4041
1565
3007
3007
3508
3007
4758
3508
3508
3007
4758
4684
3007
2981
3693
2981
3995
498
2981
3007
3007
2827
1479
2981
3007
3007
3007
3007
3007
3007
3508
2827
3693
2981
3995
2724
3693
1565
1565
1376
1376
2724
2724
2724
2724
2018
4758
2981
4041
1479
2724
2724
5106
1825
3693
2724
2724
2724
2724
4758
2981
4758
2981
2018
2018
2981
2018
2724
2018
4176
2981
2981
2981
1772
2724
2724
3869
3961
2399
2981
4176
2981
4758
2981
1479
3007
4868
2018
3961
3693
2981
2724
3693
2981
3693
3693
2724
2981
2981
1376
2724
4758
2981
2981
2724
3007
2724
3007
2018
2916
3693
3693
3693
3693
2981
3124
5102
498
2981
3007
1376
3007
3007
3007
3007
2981
2981
2981
5106
2981
2981
1376
2724
2724
2981
2981
3007
3693
3693
3693
2724
1376
2981
2724
2981
1479
2981
2724
4960
4960
4960
2724
2724
4960
2724
2981
2018
2724
2724
4953
2724
1376
1479
1376
5028
2724
3508
3508
2981
2981
2827
3508
3693
3961
2724
2981
2981
918
918
2724
918
2981
3693
2981
2981
2981
4041
2724
3007
2981
2981
498
2981
3693
1376
3007
2724
1376
3007
3508
3007
2981
3693
2981
2724
2018
2724
2981
2018
2724
2981
3007
2981
2724
3508
4953
2724
2724
2981
4041
2981
2724
498
498
4041
4041
2857
2724
3007
2724
1376
2981
2981
3007
2981
2981
4758
2857
4758
2724
2724
2981
3693
3007
2724
3007
4386
4758
2724
2981
1376
2981
2981
2724
2724
1376
1479
2981
2981
2981
2981
2018
2981
4041
4953
3007
5115
2724
2724
2724
2981
2724
1565
498
2981
2724
2724
4040
2981
2981
2018
2564
2724
1479
2724
3693
498
1543
3007
1909
3007
2724
2849
4956
2724
1479
1479
3508
3007
2
2399
3199
4786
4041
1791
4954
2724
4954
3693
2724
2018
1565
2018
2018
4041
3869
1479
1479
498
2724
5115
2724
2724
3961
3693
3693
2981
2724
93
1539
4758
3869
1376
498
2724
2399
2724
4954
2827
1479
4955
2018
498
4955
2018
1205
2827
2981
4954
3508
2018
4758
4758
2981
2981
4758
3007
498
3007
498
3508
2724
3508
2981
3508
2724
4758
3693
2724
1795
2981
3693
2827
4949
3007
4958
3007
4758
2724
2724
3007
498
2724
2981
3693
1376
3693
3693
4040
3508
3693
3508
2724
2724
3508
3007
4040
2981
3007
2981
2981
2981
2981
3693
2827
3508
2724
3508
2724
4123
3007
2981
2724
4786
1479
2724
1479
2724
4041
1479
2724
2724
2981
1479
2724
2724
2981
3007
3007
3508
2981
2981
3693
2981
93
3007
4758
3508
2018
3007
4758
2981
3693
4758
2981
3508
3693
2724
2724
2981
4758
2724
2981
2827
2724
1376
2981
1779
4758
3007
3508
4041
3508
3693
2018
2981
3007
3693
1376
2981
2981
2981
2724
2981
4758
2724
2981
2399
2018
498
4951
2981
3693
2981
3508
2827
2724
2827
3508
2981
2981
2018
1479
3693
2018
498
4758
2981
2981
3508
2724
2981
203
2981
2981
2827
2981
93
1791
1791
2981
2
3945
2
2981
4958
3508
2981
4955
3693
2981
2981
1778
2914
4758
2981
5120
2724
1479
2981
2
2
3693
2724
2724
2
3508
2981
2724
2981
4758
3508
2724
2827
2981
2981
2724
2981
2981
2981
1376
3693
3508
93
2724
1479
1376
4955
2724
2724
2981
3693
2724
2981
3693
1376
2981
0
2981
2724
2724
4045
2724
4758
2724
2018
2724
2981
2018
2981
2981
3945
2981
2981
0
2724
1479
2018
2981
2981
3693
2827
498
2126
4045
3930
2981
3
2857
2724
3693
4758
2724
2981
3693
2981
3058
1795
5042
1479
3693
4041
2724
4967
918
2724
2981
2724
3508
2827
4672
2981
2981
2981
2981
2981
967
2981
2724
1479
1479
3
1479
1376
3
2981
2981
2981
3693
2724
2724
3961
2876
3693
4758
2724
4953
2981
2724
4958
2724
2981
2981
2981
1948
2724
2981
2981
974
4041
2981
2981
2981
2724
2981
2724
2724
3007
2981
2981
2981
4335
5115
2018
2981
2827
3693
2724
4758
4758
3007
2981
2981
3693
3
2
2981
2724
3508
2981
2981
498
3693
2018
2724
2981
2724
2724
2981
2981
4970
2724
2981
1376
2724
2981
2981
4758
2981
4041
2724
2827
4954
4958
2981
2981
4758
3693
4758
3961
2018
3693
1557
3007
3693
3693
2724
3508
1764
2724
3693
3693
2724
498
2857
2790
2981
2018
2724
2981
4951
3693
2724
3693
2724
3508
3693
2724
2724
3693
2724
4326
3693
2724
1778
3508
2981
498
2981
2724
498
2724
3508
0
1479
2724
3508
1479
1778
2981
2018
2724
2724
4967
1565
2724
2399
2981
2724
2724
2724
3508
2827
4967
2724
3693
3693
3508
2981
3693
3693
3508
3508
3508
3508
3508
3508
4967
2
0
0
4955
4786
4786
2981
2724
498
498
498
498
498
3508
3693
498
2724
2724
3693
4967
2724
2018
3693
2981
2827
974
2724
3508
3693
3508
3693
3693
3508
3693
3693
2724
3693
3436
3693
1479
2981
2724
1376
3693
3693
2018
2981
1479
2724
2981
2981
2981
2724
2981
4758
3508
4758
2724
2724
2724
2399
2724
4040
2981
3961
2724
2018
2981
1479
2018
2981
1479
4955
4758
2790
2981
3007
2981
4758
498
3508
498
3508
2724
2724
2724
2029
2018
3693
3007
3007
2981
1479
2724
498
3007
2724
2981
2827
2724
0
2029
2827
2724
3508
4954
3508
3693
2018
2827
2399
3508
2981
3961
2
3693
3693
2724
2981
2724
2724
3007
4123
2981
3007
2981
2399
4758
3018
2724
2724
2981
2981
4040
2981
4041
3007
3693
2981
3018
2724
2981
2981
2724
2724
2724
0
4041
2981
2981
2029
2790
2724
2981
1830
4672
3508
2724
2724
4041
2981
2724
2724
5095
2724
3693
2981
1791
3693
2018
2018
2724
2396
2981
2
2827
4041
3508
3508
2827
2981
2981
4041
2981
2981
2981
2981
2018
2
2827
5095
4758
1376
2724
2981
2981
1479
2018
2018
2724
3508
3508
3693
4040
498
498
2981
2724
2981
2981
2981
2981
2981
2790
2981
1479
2981
3693
3807
1962
2981
4063
3693
2916
2981
2981
3508
2724
203
2981
498
2827
2018
3007
2981
1479
2981
3007
2827
2724
4842
4953
1909
3007
2724
2981
498
2724
2981
2724
2827
2981
2724
4040
2724
4041
0
2724
2018
4536
2724
3007
2018
2981
2981
2981
2981
4041
2981
2981
2724
2724
2981
4825
4041
4041
2018
2724
2724
2018
2018
2018
1479
2724
0
2724
2724
498
2724
2724
4041
2978
3508
2018
2724
2018
2981
2724
2018
3007
2018
2018
2724
2018
2018
2724
2724
2724
2724
2018
2018
1373
2724
2724
2724
2724
3007
2018
3007
2724
2724
2018
3508
3693
1479
4041
2724
498
3007
2724
2981
3693
2018
2724
2981
2981
2018
4041
3693
3693
3693
3007
4041
2724
2018
2981
2981
2981
1565
3007
2981
2981
2981
3809
2724
2724
2981
2724
2981
3693
2981
3693
2
2
2981
4966
2981
2981
2981
937
2018
2724
2724
3007
2981
2724
4958
4958
4958
2981
4041
4040
2981
4758
4041
2981
2981
2724
2981
3693
2981
1795
5028
2981
2981
1791
3007
44
2740
5027
2981
2724
2724
2981
2981
2981
2981
2981
2981
498
2981
2981
4758
2981
498
3007
4041
2981
2018
2981
2981
3007
1565
498
2724
2981
2724
2724
3508
3693
2724
2724
2981
2981
4040
498
2981
2724
498
2827
2981
2018
3693
3508
1479
2974
4758
4758
4040
4040
4758
4758
4758
2981
2981
4758
4758
4041
3007
3007
2827
2827
4758
5111
2981
3007
4041
3961
2724
2018
3693
2724
2827
2981
4758
1479
4758
2724
1376
3693
4758
3508
4041
1797
2724
2827
2724
2981
2981
2827
498
498
3508
3007
3007
3007
3508
2724
498
3
498
2018
4041
3693
3693
2724
2827
4953
2399
4041
2981
4758
2724
4953
3508
3693
3693
4041
2813
2981
1565
1565
1565
2018
2981
2724
3007
0
3693
2981
3508
2981
3124
4040
498
4041
2981
2724
2981
3007
3508
4958
2827
3508
3693
3693
2982
2724
2018
4041
2018
2018
4041
2724
3
2981
3007
2724
2827
4040
2018
4827
3007
4955
2724
2018
2919
2724
2981
3508
3693
2724
2724
4786
3007
2724
2724
2827
1479
3508
498
498
2827
498
5102
2724
2603
3693
4955
2981
3693
3693
4243
2724
1479
4041
2981
3693
2724
4758
2018
1565
2724
2982
2827
3946
3007
3007
2018
0
2981
2981
2981
4040
2724
2981
1565
2981
2724
2981
2981
2981
3693
2981
2724
2724
2827
2827
3508
2827
5111
3007
3124
2724
4758
0
498
3508
2724
2724
2981
2827
4967
498
2724
3007
3508
107
3508
4958
2724
1479
4825
3783
0
2724
4041
4842
4041
3508
498
1479
2981
2724
2724
1764
4758
4335
2827
2724
2981
2724
4041
4121
4041
2724
5028
4967
1779
2724
498
498
2827
974
974
4967
2724
4041
2724
3693
2981
3508
8
4143
3693
3693
3693
498
3693
4758
498
1565
4760
2724
3508
3806
3693
2981
2724
2724
2018
2981
498
1376
2981
2981
2981
498
2724
5042
2981
2981
1376
2981
3007
3007
4758
2827
498
1557
498
2724
4045
3007
2813
1376
2981
2981
2790
2304
2018
937
3693
498
498
3693
2724
2018
1375
5106
2827
2724
2018
2724
1376
498
5
2981
2827
5095
2724
2981
2724
2724
2827
498
5120
2724
498
2827
498
2981
498
2981
3007
2724
2981
2827
2827
2029
3007
5042
2981
2724
4758
2981
2981
2724
3508
4041
3693
2724
2981
1511
2846
4045
2399
2981
2914
1479
2
2981
3508
3693
2724
4536
4954
4955
498
2827
3693
2724
2018
4672
1376
2724
2981
2981
2827
2724
2981
4040
2981
1376
3693
2981
2396
1479
918
2981
3508
2981
3508
93
4041
2724
1479
2981
2981
2981
2981
3007
498
2018
498
498
2981
2018
2919
2724
3007
498
1511
4123
1825
2570
2981
3007
3007
1376
2724
2018
1479
1948
2981
3693
1511
498
3693
498
2827
2724
4243
2580
2724
4616
4243
1376
2
4040
3961
3693
4970
2981
4970
3007
4966
3693
4967
4966
1479
4243
4966
2981
2
2724
4970
1511
2981
4760
2981
3693
2724
2724
2981
2981
4842
3693
1376
2981
2580
2018
3007
3007
4758
3693
498
1373
4243
3693
2724
3693
2724
0
2827
2981
3693
3007
3007
3007
3693
3930
2724
2759
2724
2827
3693
3007
3693
498
3508
2018
2827
4958
4040
2724
2018
3007
3007
3693
2724
4758
3007
2724
3693
498
498
5111
2724
3693
3693
4176
3693
498
4041
2981
1948
498
4758
4326
498
2827
3007
3693
2724
3007
2
3007
4758
2981
1948
2981
2981
3508
3508
3693
0
3508
1511
2836
2724
2
2724
3508
2981
2018
3007
2
1479
2724
3961
2018
3693
498
5115
2981
3693
498
3508
3693
2018
3508
3508
2724
2827
4176
3693
3007
2018
2724
2724
4758
2724
2827
4758
1376
1376
3058
2981
2724
3961
2724
2724
4966
2724
2724
2981
3007
2724
3007
3693
2724
3007
3007
3508
2827
4063
4967
2724
4041
3058
2981
2981
2981
2724
2827
2724
3007
4967
1557
2724
2925
1778
4749
2981
4040
4758
0
4966
3508
3946
2
1479
1778
2724
4842
2981
2018
1565
2981
2724
1376
2981
0
2981
4672
1479
2981
4786
2724
2981
2
4123
2029
3693
2981
498
2981
2724
2520
5115
3007
2827
2724
2724
2981
2724
1479
2981
4758
498
3508
2724
2724
2018
2724
5028
4040
2029
4041
1479
2724
3007
2
2827
4040
0
2981
3508
3007
2981
3007
2724
2724
3508
0
2396
498
3007
3693
3007
2981
2724
2018
3007
4587
2724
2724
4121
2981
2724
2724
3007
2724
2724
4758
3855
0
4041
2
2724
3693
2827
2
3508
2724
2981
1479
2724
2443
1479
2724
2724
2724
2981
3007
2981
3508
498
3693
2981
498
498
3007
5115
3007
1376
2724
498
3945
3007
2724
3508
3007
2018
3007
2018
2724
2724
498
3508
4967
2981
3007
3693
2827
1511
2724
2018
2724
3693
3693
3007
2981
3693
2981
2827
2724
2827
4954
2981
2981
3007
3007
2018
3693
3007
2981
4758
2724
2724
4335
3007
498
3007
3007
2981
2724
2981
2827
4954
4758
1559
3007
4842
2018
2981
3058
2981
2981
2981
2018
3693
2724
2724
1479
3508
3693
2981
2981
2981
2981
2827
498
2981
3007
2981
2029
2981
3693
1479
2981
3007
2724
1479
2827
2724
2724
2981
2981
2827
2724
2724
1565
2018
3693
2018
2724
1565
4041
3693
4040
1479
3508
2724
3693
2981
2981
3007
3007
3007
2029
2981
2981
2813
3961
2827
2827
3768
3508
2724
2
2
2018
4758
1479
0
0
4356
2827
3693
2827
4041
2981
2018
2827
3007
3693
2981
2981
2981
1292
3768
4758
3007
2981
4758
2981
2740
2981
2981
2981
962
4758
2724
2724
3930
2018
2724
3007
4758
3945
0
2981
1479
4356
2827
3693
3508
2018
2724
2981
3693
5111
5095
1479
498
3007
3768
2
2724
2981
3007
2724
2827
2724
2981
4786
2724
2724
4786
4960
5042
4041
1825
2724
2724
4955
4758
2018
2981
2981
4243
2724
2982
3693
4955
4955
5028
2724
3007
1772
2339
2827
918
5035
2981
2724
0
1479
2724
2724
3508
2724
2724
2827
3693
4951
1479
2724
3007
3693
3930
3508
2724
4967
2018
1479
3007
2981
3693
3007
2724
2724
2981
2827
498
2724
2724
2981
2724
498
2724
5042
3693
3007
3693
3693
3693
4143
3124
1376
0
0
2724
2724
3693
2827
2724
2018
2914
2018
2981
2981
2981
2981
2981
3508
2981
3007
4587
3007
2724
2981
2981
2981
0
2981
4040
4758
2570
4954
498
2724
2981
2399
4758
4758
2724
3508
1376
2827
2827
4758
498
2981
2981
2018
4040
952
2981
1479
2981
1948
3508
2981
2981
4955
3508
3508
2724
4958
1479
2724
498
0
2018
2724
3007
3007
3007
2981
2981
2981
3007
2724
2724
2018
3693
3508
3693
0
4758
4758
4758
2724
3693
2724
2018
2724
2724
2724
3508
3508
4951
2724
3508
2981
2018
3508
3693
2827
2981
2981
1376
1376
2399
2827
3693
2399
2724
2724
2724
3693
3693
3693
2981
3693
2018
3007
3508
3508
2724
2029
2724
2724
3693
3693
5095
2981
2724
2018
2724
2981
2981
2981
3693
3007
2724
2724
2981
3508
2981
2981
4758
3007
3007
3007
918
1479
2724
3768
1565
498
2724
2981
498
1479
2724
2981
2981
2981
2724
2981
1
2981
2724
498
4758
5111
4045
2981
2981
3508
2981
2981
2981
4949
2724
498
1479
1479
2981
2981
2724
2724
3007
2724
2981
2981
2981
2724
2981
2981
1479
2981
3007
2981
2981
2981
3693
290
4966
2981
2981
4967
3693
3508
4955
2981
3508
2827
1283
2981
2724
4041
2724
1948
2018
3999
2724
2981
2981
0
3508
1565
3693
2724
2018
2724
1778
2827
4041
2724
2981
3508
3693
3508
2724
3693
3693
1479
2981
2724
3508
2827
2724
2827
918
2018
2981
2981
3007
3007
2981
3007
2724
2981
2724
1174
4627
2724
2724
2827
3508
1816
4758
2981
2981
2981
2981
2981
2981
2981
2981
203
2981
2981
1376
3508
937
2724
4041
2981
2018
2724
3508
2018
3508
3508
2981
2981
3508
3508
3508
3508
2981
2724
2724
2981
2724
3508
3693
2981
2981
4041
2827
1376
2724
1479
4758
4966
2018
3007
2981
2827
2857
3693
2981
2724
498
2981
4967
2981
3693
3768
3508
3693
1963
2018
2827
2981
1772
498
3693
2827
2981
1375
0
2981
4040
3693
4040
3693
4786
3693
3693
2018
3007
5115
5035
2724
4758
498
3508
2018
3508
4833
2981
2018
2981
2981
2981
3693
2724
2724
2724
2981
1565
2981
4758
1376
3693
3693
2981
498
5115
2981
2981
3693
2724
3693
3693
3508
3124
0
2981
3508
3693
4758
2724
3508
1772
3508
3961
2981
3693
3508
2724
2724
2018
2018
4335
2304
3007
2981
2981
2981
4951
3007
3007
2724
2981
2304
3007
2724
2724
2724
2304
1190
3693
1190
1190
4955
2981
2724
2724
2724
498
2724
3693
2981
3508
2827
1766
1479
498
498
498
1479
2981
3007
2827
4758
2724
2724
3508
2981
2724
2981
3693
3007
1479
2981
498
3018
3508
5028
2724
2399
498
4758
3693
498
2981
1479
1479
1479
2981
1479
2981
2827
3693
4041
5028
5028
2724
2827
2981
1010
1376
2981
4758
2981
1479
2981
2018
3961
5042
2916
3693
2813
4041
2018
498
2724
2724
3693
3007
498
1376
2981
2724
2827
2724
2724
2018
3693
3018
2724
2724
4041
2018
2724
2724
3508
2724
498
498
2674
2827
5115
3693
2981
2981
2981
2981
2724
2981
1174
5028
4041
0
2827
2827
3007
2018
2018
2018
2018
3693
2981
2724
3693
3508
2724
4627
1778
2981
3693
3693
1376
2018
2827
2827
2981
3768
2981
2724
2981
2724
2981
498
4954
4123
2018
2018
3961
3961
2724
2724
2018
937
2724
2981
2724
2724
2724
2724
2724
2981
3693
3508
2018
2018
2981
2724
203
2018
2724
2724
4041
1539
2018
2981
2827
2724
4040
498
3508
3508
2981
2981
2827
3508
498
2724
2981
2981
2724
2981
3693
2724
5112
2981
2018
0
3007
2018
4587
2724
2724
2981
2981
2981
2724
2981
2724
2793
2981
2724
2724
2018
3693
3007
3508
2724
2827
2724
4212
498
2018
2981
2981
2018
2724
2857
3693
3693
2724
2981
4041
2724
2827
2724
2724
1376
2981
2724
2981
3007
498
498
1565
2982
1816
2919
2981
1376
2981
2724
2724
2443
3007
3508
2
2724
3693
2827
3508
4958
498
2914
1791
3693
2724
2724
3508
3693
2724
2981
1376
3693
1479
3508
4041
2724
1479
2724
1283
2827
4786
1772
4123
2981
2724
1825
4842
2981
2827
2724
498
498
3508
3508
3508
4041
2724
2724
5028
2827
2981
3693
2724
4758
3508
3869
2018
2724
2827
3007
5028
2724
1479
2018
1778
2981
2790
1479
2981
3508
2018
2724
3807
3508
2724
4040
4176
4758
5057
2724
3007
3007
3007
4758
4758
2981
2981
1791
2981
2981
2981
3007
2981
2981
2981
3007
2981
2981
2981
4335
4955
2724
2724
4040
3007
4758
2724
2981
4176
3007
2724
3007
2981
3693
2981
3007
3007
3693
3007
1825
2981
4587
3
4587
3
4967
2981
4967
3007
4868
2724
3007
3007
3
3007
2724
3007
1479
2724
3007
3007
1479
4868
4063
1479
4868
3007
5095
4967
2981
2981
2981
4758
3508
3693
3693
2018
3007
4955
2724
2724
4967
2724
2724
1479
2724
3693
4967
3693
2827
3693
3508
1376
3693
3007
2724
3693
3007
2018
3693
2674
3693
3693
3007
2018
2018
4955
3508
3508
2724
2724
2981
2724
2724
2981
4587
4786
2981
1565
4672
2018
3693
0
2724
498
2724
3508
3508
2018
498
2724
2981
2981
2724
498
498
2724
2724
1479
3508
3693
3508
3007
3508
3508
2018
2724
1565
4955
4955
1190
3693
3508
3693
3007
3693
3693
2827
974
1479
2981
3693
3693
1479
3508
2724
2724
2724
3007
2018
2724
2724
2018
2724
3693
3007
2981
3508
2724
4758
2724
5115
2836
3693
2724
4758
3007
2724
2724
4842
2724
1479
2724
2827
2827
3007
3007
3693
1479
1816
498
2724
1479
3508
2827
2724
3007
2724
2827
2018
2018
498
974
3693
2724
2981
3508
2827
2724
2724
3693
3508
2018
4176
3508
3508
2724
3693
3007
2018
2018
2018
1479
3693
2018
2827
3693
2981
3693
3508
2827
107
3693
2724
3007
2724
2
4758
2981
2018
2724
3436
3693
2981
5028
4758
4041
2982
2018
2827
498
2018
4758
2724
2724
2827
3961
1376
2981
3007
2981
2981
2827
2827
3007
2827
2724
2981
2724
2981
3007
2724
3007
2981
2018
5106
3007
3007
3007
2981
498
2724
1479
2018
2827
2827
2018
3007
2981
2724
2724
3930
3007
2724
498
498
498
3508
3508
2827
2827
2827
1479
4955
2724
3007
3768
3007
2981
3007
3807
1479
3007
3007
2813
498
3007
1565
3007
2724
2018
3007
2724
3007
3508
5094
3007
2981
3693
3007
2981
3007
3007
3007
4041
3007
3007
2981
3693
2981
4842
3007
3007
3007
2724
498
3007
4955
2981
3007
2029
2981
5106
3007
2981
2981
3508
3124
2724
3508
2981
2018
3693
2018
2724
2981
4758
3007
2981
2981
4967
3007
3007
2981
2981
2981
2827
2981
1565
3007
3007
2018
4955
2981
3007
2724
1479
4955
3693
2981
2981
3693
2981
2724
3007
3693
2724
3
3693
2981
1948
3693
2981
3007
2981
1376
2981
2981
1791
3007
2724
2018
2981
3007
3007
2724
2981
2018
2724
2981
2018
2443
3961
4960
1772
498
2981
2981
498
2304
498
2981
498
2018
1565
2981
1479
3508
2724
498
498
498
2782
498
5115
3693
498
2981
203
3508
498
498
498
2724
3007
1479
498
2827
498
2724
498
3508
4955
498
2981
2724
2981
2981
2981
498
2981
5075
498
2981
498
2981
2981
3007
498
2724
4951
2849
4955
2724
4955
4955
3007
3007
2018
2724
2827
498
4827
2018
2981
4955
498
4955
4041
498
2981
2925
2724
4955
2724
498
0
2724
2724
2724
4041
498
498
498
4758
2981
2
2724
3007
1283
4786
498
2724
4955
1479
2
2981
3508
4041
3508
498
2981
4954
2724
3508
2724
498
2981
2981
498
3693
3007
3007
498
3007
1479
2981
2981
2018
498
2981
3007
2981
2981
2981
2981
498
3007
3007
3007
2724
3999
4123
4123
2724
1479
2724
498
3508
3007
498
3508
2981
498
2724
3007
498
3007
3007
2724
2724
290
3007
2
2724
2981
2451
2981
2724
2981
3007
2018
2018
4758
4758
1376
1376
3007
3007
3007
0
4866
3508
3007
3007
2981
2018
4041
2724
2018
2724
3508
2724
1565
2981
2018
2724
1376
2018
2827
1376
3007
4967
4041
2981
2724
4758
2981
2981
2981
2981
2981
3007
2981
2981
2981
3961
498
2981
2981
2981
3693
2981
2981
1565
2724
2018
4587
2827
2724
3508
1479
2724
3693
2018
498
3693
2790
2724
1479
2790
3693
4758
2790
1565
3693
2925
3693
2668
1283
2724
2981
2724
3693
2399
3508
4960
5095
2981
2018
4758
4954
3508
3508
2724
3007
3693
3961
2827
1565
2724
2018
498
2724
1553
4627
1479
4758
3693
3
2018
2724
1479
3007
1479
3007
3693
2018
2018
0
3508
2827
3508
3007
2724
2
2724
1479
2981
2018
2724
2724
1557
2724
2724
3693
2827
3007
3007
3007
1376
3007
3007
1948
3007
3007
2981
3007
1479
3007
3508
2724
2724
3693
2724
2724
3693
3693
4958
2724
2724
3693
2981
4866
498
5075
3508
2827
4672
498
498
2724
4143
1479
2724
2981
3007
4955
3693
1778
937
3508
2018
1479
2857
498
2018
2827
2981
498
4955
4041
2724
3693
3693
2846
498
1373
0
4386
3007
3007
1479
1479
107
0
2981
1479
3007
3007
498
1376
1376
3508
2827
498
498
498
4672
1479
4955
3693
3508
2827
3007
2724
2827
2724
3693
2724
0
5042
498
4758
498
2018
2724
2981
2724
2018
2724
2827
2981
2018
2724
4758
