2981
2981
4758
2644
3007
3693
2981
4132
3007
2042
1797
3007
4978
2981
3508
2018
2660
1372
3007
3007
4978
3007
4758
3007
3007
3007
4040
3007
3007
4041
3007
4040
1372
2042
3007
2981
4786
1372
4853
2724
2981
2724
2724
2108
5112
2724
2981
2724
2724
2827
2018
4041
3693
1488
2724
3007
3693
2981
2520
3007
4967
1372
2828
4045
4040
2018
2837
2981
3007
3007
3007
3007
3007
3007
3007
2981
2793
1372
3007
3007
2724
2451
3007
3007
3007
2724
5042
2827
2981
2813
3508
4758
3007
5094
3007
1909
1909
3007
4758
3018
3007
2724
2724
2018
3007
3007
4040
3007
5095
2018
3007
3007
3007
1183
2827
3007
3007
3007
2837
3007
1765
3007
3007
163
3007
3007
3007
3007
4045
3007
3007
3007
3007
3007
3007
3007
3007
3007
4335
2981
3007
1372
3007
3508
2018
3007
2876
4040
3007
3961
3007
3768
1376
5075
3961
3007
3007
3999
3007
3007
3007
5075
3007
4041
3007
4842
3007
3007
3508
3007
3007
2876
3007
1283
3007
2876
3768
1376
3007
107
3007
4758
4758
3007
2018
3007
3007
3007
3007
3961
3007
3007
3007
1376
3961
4758
3007
4786
2981
1376
3007
3212
4212
1549
2724
2981
2981
2724
2724
2724
2042
1799
1376
4041
2724
4040
2827
2981
5111
3415
2018
4853
2042
2724
2018
2724
3007
2018
2018
1376
2724
1479
2827
4132
2981
1723
2724
2396
5094
2018
4041
2981
2827
2018
4758
4758
2981
2827
4758
2981
1376
4701
3693
4786
2724
1376
2724
4950
2724
1511
4853
4143
2108
3508
4758
1766
3508
3998
3404
2724
3693
2018
2981
3961
2793
2981
1373
2827
4758
4701
2827
2836
2981
3007
2981
2290
3593
3094
2724
2981
2981
3693
2018
1791
2981
2724
2827
2981
2981
2981
4758
4758
2295
2018
4758
2042
2018
2981
2981
2981
2981
3007
3007
2876
3007
1479
2876
3007
3995
1479
1479
2042
2981
3007
2981
2981
3007
1283
3693
1372
1723
3007
2724
2042
2018
2042
2827
4950
2724
2018
2018
2018
3007
2827
2042
3508
2827
1372
4626
2019
918
2018
3508
2827
2018
3693
1479
4758
2018
3508
3094
2724
3007
2018
1397
3693
3007
3693
2018
2042
2755
2724
3007
1723
5078
2018
4961
3058
1963
3124
2448
2982
2981
3508
1376
1746
3007
4955
3007
3508
3508
3007
4040
2042
1372
2827
2724
2827
3508
2331
3007
3148
3693
2042
2827
2042
3693
3082
3930
3508
2724
3508
2018
1373
2428
3693
499
4143
1479
2018
2042
5075
1372
2724
4758
4616
2448
2018
2018
4247
2724
3102
2981
4955
3987
3007
2018
4040
2724
3807
2876
2724
4040
2981
4758
2018
3995
2724
2724
2448
4758
2927
2724
4758
4758
4758
1909
2981
2724
2981
5094
2827
1397
2580
3098
2827
1397
1372
2981
2981
2570
3121
4040
1183
1764
2981
2724
2982
2981
2042
1764
2981
2724
2018
2724
2981
4960
3693
2724
2724
2580
2724
2981
2724
2541
2981
3007
918
2042
2042
1205
1205
2981
1764
2981
3900
1723
1723
498
2724
3593
498
4587
1723
2724
3900
2724
1723
4143
1372
3124
2724
2827
5078
4955
4758
4950
2042
2724
3508
2018
2981
2724
1791
2042
2827
2042
2724
498
3900
1565
2919
2981
2981
2724
2724
2981
4956
2827
498
1397
3693
3961
3007
2724
4041
2827
3508
2724
2981
2018
2724
3961
2042
2018
2304
4758
498
498
3693
3693
3007
3508
3693
3999
3693
2042
3007
3007
498
3007
498
3693
3693
3007
3693
5042
2018
2570
4786
1479
3007
3357
3404
4040
2018
1479
2981
3693
2042
4853
3508
3007
3007
498
3508
3693
3508
3007
2981
2018
3058
2042
2042
2981
2448
4040
2827
1372
2724
1205
2827
2876
1397
5114
2827
4143
3768
4040
1376
3007
3900
3961
2981
2570
2018
1511
3007
2827
3987
3007
2018
2982
2018
3007
3007
3007
2827
2981
3807
1711
3007
2042
2018
4758
4758
2724
4758
2042
2981
3961
3007
3961
5094
3007
3693
3007
2981
4758
1553
2018
2981
2018
2982
3768
2018
4040
2018
2042
498
3007
3961
2981
3693
2018
4041
4121
2828
2018
1376
2724
2042
3693
498
3508
3508
3961
3693
3693
3961
0
5057
3693
3007
4041
2042
4356
2982
1539
1372
3693
2398
4132
2018
4672
498
3508
3007
2981
3007
3007
498
498
2827
1479
2724
2724
4758
4758
1372
3961
3961
3961
4758
3007
2018
3007
3007
2981
2724
2827
2836
2836
2018
2042
2018
3007
2018
2876
5057
4786
1372
2018
2981
3148
5103
3693
3961
4587
2724
3693
2018
2018
2018
2018
4758
2827
2018
4041
498
4758
2668
1855
2927
2018
4960
2018
498
2042
3900
2827
4041
2981
2755
2018
2019
2836
4853
2042
2724
2018
4950
3508
2827
2827
2724
2724
1795
1810
3900
2042
3007
2827
2724
2724
3900
1948
2981
4979
2982
5102
2724
3508
2724
4955
4356
3693
3007
1183
1183
1183
3693
2042
2827
2981
3124
3693
2981
2981
5112
2981
2042
2724
2042
498
3902
3869
2836
4324
3007
2018
2981
2981
2981
2981
2981
2981
2981
2981
2981
2018
3007
3508
2724
2018
2724
4758
2981
2827
2981
2836
5112
1909
1810
1723
3124
2724
1723
2018
2827
3404
2724
3007
3007
4701
3007
1376
3007
2339
2827
2827
2827
2827
2827
2827
2827
4040
2018
2724
2724
2018
2018
2724
2724
2724
2018
3772
2724
4040
4356
0
2782
2981
1909
2790
2339
0
4132
2981
2042
498
3121
2827
3007
2981
1479
2018
944
4610
2982
2982
2018
2724
4040
2018
2724
4758
2724
4956
2042
2042
2570
2981
2981
2724
3878
2018
2018
3693
2018
2981
3693
3431
2981
1479
1372
3768
4956
0
4041
2827
1559
2981
3961
2981
2018
2018
5112
2827
1376
3007
3007
3007
4758
2018
2018
2018
2018
2018
2018
498
3508
2981
3508
2018
1376
2554
1825
2981
2981
4132
2018
1764
2029
3038
2827
2428
2660
5115
2018
2042
4786
3007
2018
1557
5112
5112
4038
2018
2018
4536
4758
498
498
2042
3007
3007
3007
2724
2018
3007
2018
3007
3007
1479
2042
2827
4758
4040
2018
3007
2018
2827
3007
2042
498
4758
2018
2018
2981
1948
2724
4760
4040
1376
3038
3038
1372
498
944
4758
2724
4758
5115
2827
2018
2836
3038
3809
498
3809
2724
2042
3007
2108
3007
3007
3995
3007
498
2827
3007
3007
4758
4758
3007
2836
3007
3007
2018
2981
2019
3007
2762
2827
3007
4842
2836
2836
2981
2836
2836
3693
3007
2042
2916
3007
2018
2042
3007
498
3007
3007
498
2018
3007
3007
3007
3007
3007
3007
3508
3007
3007
1553
944
3124
3007
498
1569
2827
3007
2724
4040
2724
2827
5042
2724
1723
1559
2018
3809
1389
4853
5094
3508
2724
3508
3007
2827
1376
3007
1479
4040
2018
2520
2981
2018
2018
2042
3007
2018
3007
2836
2304
2724
3007
4386
2724
2836
4758
1376
2029
1376
1376
4041
3038
4758
2836
2981
3148
1372
2724
2042
2042
2724
498
5035
4040
2724
2981
1479
3007
2018
5042
2398
2108
3007
1376
4143
3007
1376
1376
3508
2724
2295
3007
3007
1376
3058
4040
2042
3007
499
2981
2018
4970
3007
3007
1764
2981
2981
2724
4758
2827
1479
2981
3124
1479
2981
1543
2018
2827
3693
2042
2981
2018
4040
2982
2981
4958
2295
2827
2042
918
3007
2724
4967
1553
2981
2981
2724
944
2724
4950
4961
2919
4758
944
2981
3508
2018
3007
3007
1389
4243
4842
1372
0
2018
2018
3693
4045
1778
2827
3007
3404
3102
2724
3007
3007
3007
2724
2981
4587
2981
3508
3593
2790
2981
4045
2981
2827
3007
2981
3007
498
2724
4758
4132
4041
3504
2827
2724
1597
3124
2982
1479
2520
2018
2724
2927
3007
3007
1746
498
2805
1183
4758
2827
4758
918
4040
3693
4758
2827
4040
3693
2981
2828
3999
2724
2793
3693
2981
2981
4040
2981
2982
2019
2836
4853
2981
3693
3508
2981
4038
2981
2981
2724
3693
2724
2827
1376
4758
2981
2827
2018
3508
2836
3007
2981
2827
2927
3999
2827
3693
2018
93
2981
2724
5094
2018
2042
3007
2535
3018
2724
2981
2981
2981
3007
1854
3878
2827
2018
2827
498
2724
3101
4758
3007
3007
4536
2827
2399
2018
2981
44
2724
2042
1372
2981
3007
2981
2981
3007
3007
2018
4377
2981
1479
2018
3007
2827
4760
1795
3094
3007
3007
1479
5130
3007
2793
2981
3007
2981
3900
2827
2724
2042
2981
3101
107
2827
4176
107
4758
1511
2981
3007
2018
2793
4967
3007
3007
4143
2018
2018
3007
2724
2018
2981
2827
2981
2827
3007
2042
2042
1909
4040
2981
2981
2827
4758
3007
3007
918
4758
2981
2981
2018
3007
2724
1376
1372
2981
3404
5102
3007
2018
3693
3007
2724
2042
3007
2827
2827
3007
2981
3007
3148
2827
2790
2981
2724
1372
2724
2827
3007
2981
1778
2981
499
4953
2042
2981
3124
2981
3693
4672
2724
2042
2981
3007
2018
3693
2982
1553
2042
498
4121
8
2981
4041
5102
2724
5028
2042
5102
4758
4758
2042
2018
1174
498
3007
3768
5042
3693
2018
2018
3007
1549
2042
1372
2018
2724
2827
1479
3007
2981
2836
2981
2981
107
2018
3007
2981
2018
4786
2018
2042
2018
2042
4243
4040
2018
2018
2018
3007
4842
2724
5094
4143
5102
2981
2981
4758
2018
3098
2981
2981
4356
2981
2981
2755
2019
2018
1597
3007
2018
4758
2981
2981
126
3007
2018
2981
2981
3999
2981
3504
4335
2813
1372
2981
2827
498
2042
3693
2724
2724
1183
2018
2876
2042
4758
4758
4758
2981
2042
2042
0
3693
3007
2724
3999
2981
3007
2981
3007
2042
2724
2042
5111
2724
1479
2042
2042
2042
2018
1174
1372
3007
4950
2836
4978
4978
4786
3999
2126
3007
1909
4950
2981
3961
3508
1791
3212
4960
2981
499
2724
2982
4720
4954
3007
2724
498
498
498
3148
1372
1376
991
2018
2981
2981
3999
2827
2827
498
1479
498
499
2827
2981
2982
499
2018
2981
3007
3007
1292
5096
3431
2981
2042
2981
2981
3007
5094
2724
3007
3431
1766
5115
2520
4786
4243
498
498
918
2428
2981
5112
2724
2042
2019
2981
2018
3693
4040
2724
1372
2042
2982
3007
2042
1372
107
3007
3007
1825
2981
2304
2724
5114
3007
3007
2827
3007
4370
3007
3082
4758
498
498
3007
0
2827
3007
498
5042
4866
5057
1479
4758
2042
4041
4758
3007
3007
4758
3007
1479
3007
2724
2018
2981
2981
3007
2042
498
498
2042
1376
3007
2981
499
2019
2981
2827
3807
2724
1372
1723
2836
2724
2827
3768
2018
2018
4758
1376
1376
3693
2295
4760
4616
2042
3693
1376
1376
1376
3007
5102
4961
3007
3999
2018
3508
4950
203
2724
5106
1372
2018
2018
1376
4950
1372
2981
4758
2724
3693
3508
5075
5111
4955
3999
2827
3508
2982
2724
3007
2827
4536
3404
4970
4955
5042
5130
2042
2981
3007
2724
2724
2827
2828
2018
2018
2564
3693
4377
1205
2724
2019
2019
498
2981
3693
2981
2793
2724
3007
2981
2724
3693
3007
3508
3007
4958
1376
2018
1010
2981
2042
4040
2018
5075
2724
2724
2827
1183
1376
3809
498
2042
4121
3508
1376
2981
2724
2827
1948
1772
918
3693
5078
4758
3508
2724
3693
3508
5028
3002
1376
2724
2724
2042
1376
2724
2042
1372
2042
2042
2042
2042
2042
2981
2042
2042
5094
2042
2042
2042
2042
4758
2018
2981
2042
3508
3693
3693
1372
498
2042
2042
1372
2724
2981
3508
4212
918
2018
2828
1372
2724
4040
3693
2876
1765
2828
2981
2580
2042
3007
3768
2837
3961
1479
1376
1479
2724
2827
3768
2042
4041
1372
0
0
0
0
3693
0
2018
0
918
918
3002
2827
4587
3404
2724
2042
1376
918
3508
2042
4853
2042
3124
2042
2042
2018
2827
918
3508
2724
2724
2724
2724
2018
3508
2827
2836
2724
2827
2827
2981
3007
4758
2042
3693
5075
1372
2724
2018
2981
5042
1376
2018
3693
3508
2827
2724
283
2042
3007
5115
3508
3508
3007
2451
2451
2827
2827
2042
2827
2042
2018
4758
2042
3593
1479
2827
1909
4040
2827
2827
2827
2827
3508
2042
498
4041
5028
2827
2451
2042
2451
2451
2451
3508
2981
2827
2042
2827
2042
2827
3508
4040
2724
2981
3007
2981
2644
2303
2724
2981
2981
2738
2981
2042
4970
2981
4701
1511
4377
4326
1372
4961
1372
2849
974
4131
2755
3002
2
1479
2828
2981
2018
2018
3058
1372
3007
2827
3094
2981
2018
1389
2018
5042
2981
4958
2018
2018
4842
4786
1746
2981
2042
2018
2724
2724
2042
2042
3121
2018
2827
2018
2018
3508
2724
2018
3508
3508
2981
3007
2724
4758
2018
2018
2724
3007
5114
3007
5114
2339
4672
2724
2724
0
4672
2541
2981
2740
4672
3404
2018
2805
4672
3504
2724
2837
937
2042
3508
2668
5111
4132
2451
2451
3007
2981
3431
2042
4758
4950
2981
937
2916
5075
3018
2790
2827
1372
2982
2042
0
5112
2042
2827
2324
2981
1787
2042
498
4758
4758
2828
3508
2981
1963
4960
2981
2981
3999
3999
1766
3101
3900
2018
2981
3930
1799
5120
4701
5103
1765
3508
2827
4176
2042
2108
2981
3007
3995
3995
3508
2018
2018
2042
1511
2724
1511
1511
1511
4377
1372
3974
2724
2603
1376
3007
2827
2018
3007
2981
4123
2398
3007
4040
2724
3007
2724
4132
1376
3007
2018
3007
2981
1565
2580
3508
2982
1376
4758
1372
4041
4758
4954
3508
2018
2876
2018
2827
2042
2738
3007
4335
3961
2827
498
4041
2018
2018
3693
2827
3007
2042
2018
3693
3508
3007
2042
1376
2981
2981
3007
3007
2981
3783
2
0
4243
3693
2724
4335
5075
2765
2827
2827
2827
5042
2042
2981
3007
3098
2981
2724
2018
2018
2981
2981
918
2981
4955
2724
2836
2827
2836
4958
4958
2570
2724
2828
3404
3404
1799
991
2018
2981
2981
2981
3508
4040
2042
3508
5095
3058
2827
3007
4955
4386
4853
2042
2981
1772
2018
2433
2982
4951
2740
4616
2981
2981
2981
5130
2981
2981
3007
2927
2042
4143
4143
4326
2981
918
1372
3415
2724
2042
498
2724
3007
1376
4377
2724
498
2724
2018
2724
3007
3007
2018
2982
2827
918
3508
3508
4853
918
3508
3007
4758
3961
3961
3869
3007
5112
1183
2042
2018
2982
3693
3007
2433
2
2042
2827
2982
2827
3508
2042
3508
3895
3508
0
2042
2827
2042
3961
2042
2042
498
2042
2982
3404
2042
2827
3508
2981
2018
3007
4616
1372
3961
3508
3508
2042
2042
4758
3693
5042
2554
2042
2019
2445
5111
3878
3124
2982
3007
1569
2396
2042
4121
3007
2827
2982
8
4672
5078
2982
2570
3007
0
944
4951
498
2042
2108
2981
2982
498
1479
3431
2018
3999
2042
2982
4121
2042
2018
2018
3508
3961
2827
2042
2981
2435
3941
2042
3508
5028
1372
5028
2042
2451
1205
5057
2724
5102
1372
2755
2018
498
3007
5106
2827
2724
3693
499
3007
5042
2042
498
4950
4672
944
3007
2981
2018
498
163
498
0
2042
1386
2042
3900
2042
4121
3
3508
498
3007
3102
1556
3508
3148
918
4853
918
918
918
918
2554
1597
2018
2042
2827
2724
2724
2827
498
3007
4758
3007
3693
2981
3007
2981
2981
2981
3007
3508
5028
4758
3007
3007
3508
3007
3007
2981
4758
2042
2981
4758
2981
2042
4758
3007
4758
3415
2981
3007
2981
3007
3007
4758
2827
2981
2981
2981
2827
2724
2827
2827
2827
1372
2042
2827
2981
2981
2981
2827
2827
2981
2827
3007
2827
2827
1183
2018
4758
4758
2981
2981
4758
2981
2981
2827
2981
3007
3007
3007
3007
3007
3007
3007
2981
2981
2981
498
1372
3007
3007
2981
3007
3007
3007
1372
1376
3007
2981
3007
3007
1376
3007
3007
2018
2981
3007
3007
3007
3007
1372
2981
2981
2108
4758
3007
3007
3007
3007
498
3007
3007
2981
2981
3007
3007
4758
3007
1479
3007
1479
2981
2108
2981
3508
3007
2981
2981
2981
4123
2570
2668
2981
3007
2790
3007
1373
1479
2981
498
2813
498
4955
2981
2981
3007
2836
498
2827
2981
499
2827
2827
4827
3007
3
4842
3148
2981
3693
2018
5076
4040
5076
2541
2042
2018
2724
1372
3
4386
3007
2724
1565
3
2982
2146
4377
498
918
2554
498
3404
2018
2042
498
498
44
4121
498
2982
4377
1376
8
1479
1479
3007
3007
498
3007
498
3508
2793
498
3007
3007
2981
2981
1376
3007
3007
3007
4758
5028
1372
3
918
2042
2724
3
2981
2981
2042
5057
0
3508
0
498
2981
4189
2981
5076
3007
2981
3961
2042
0
0
3961
3961
1205
3961
3007
3007
3007
3007
4041
4684
3459
2827
1479
1389
4950
4132
3431
3007
2018
2981
2304
2398
3007
3693
944
3007
2788
1376
1511
1565
2685
3007
2304
2982
2827
5080
1372
2399
107
5076
5103
5103
2981
2018
4758
4758
3508
4758
5097
3768
2981
2724
1174
2042
2981
2981
2836
2836
3508
2981
2836
2981
2981
4758
4758
4758
2981
2981
2981
2876
2724
2981
3007
3007
3007
3007
3007
3007
918
2981
1376
2981
2981
1376
2660
1376
2836
2836
3007
4758
3693
2827
3007
3007
3007
3007
3007
3007
3007
5042
1723
2836
2108
2603
4386
2740
2520
1723
5073
2827
2827
2827
2827
3007
2836
2042
2981
2981
2981
2042
2981
2981
4758
2981
918
2981
2981
2018
2981
3007
2981
2981
4853
4956
4956
2981
3855
0
3778
2042
2827
2827
1376
2724
2981
2981
2981
3007
0
4758
2981
2981
2981
2981
2981
2042
2981
2724
2981
4758
498
2981
2981
2724
2981
4040
2981
2981
2981
2981
4386
2981
2981
2981
2981
2981
2981
2981
2981
1479
1376
918
3806
3007
2982
2981
2018
2042
2724
3007
2981
918
1597
2981
1479
2981
3007
2758
2981
1565
498
3007
2981
2755
3007
4377
2981
2018
2018
3007
3007
3007
3007
2303
3508
918
2018
2981
2981
2018
2981
2093
2981
2724
2981
2827
4536
4758
2982
4386
3007
3007
1183
2982
2982
918
1479
2758
2981
2981
2981
3593
2981
2981
2981
2981
3007
3961
3961
3007
3007
3007
2981
2981
2827
2981
5115
2042
4758
2981
2981
2724
2981
2981
1479
4758
2981
4377
3987
2758
2981
2981
2981
2981
2981
2758
2758
2755
1373
2758
2758
2919
2981
1372
1372
1372
2981
2981
2108
2108
4959
3007
3007
2827
3007
1479
3101
3101
4131
3007
3007
4041
3007
2042
4040
2981
203
1479
3007
3007
3007
3007
4386
2793
2793
2451
3007
2451
3007
2793
2981
2981
2981
2981
2981
2981
3007
2981
3007
2981
2981
2981
2981
2981
3007
2981
2981
2981
2981
2981
2981
2981
2981
3007
2981
2724
2793
2451
2981
3404
2981
991
107
2126
498
1795
1723
1723
2435
290
3007
2290
2981
2981
3124
3508
2042
1283
3999
5115
3999
3999
3999
2981
2451
2981
4758
2018
2981
918
3007
918
3007
2981
2981
1191
1373
2724
2724
3007
2982
3508
4123
2042
4958
2981
5103
2813
4758
5076
203
3007
3007
107
3508
2981
3007
3148
4955
2981
3508
1479
3007
3007
2018
4955
3900
3007
3404
2919
4950
2981
3007
2827
3007
3007
0
4955
2520
4955
2981
4758
3007
2981
4758
2836
2981
2982
3007
107
1376
5112
3007
2981
3007
3098
2981
2108
2108
2982
2981
2981
2981
1376
2981
2981
2981
2981
2981
1372
1479
2295
2755
2445
2981
1764
3007
1511
2846
3007
3007
3007
3007
4758
3007
3007
3007
4758
4684
3007
5094
3693
3101
3995
2042
2981
3007
3007
2827
2398
2981
3007
3007
3007
3007
3007
3007
3508
2827
3693
2981
3995
3995
2876
1597
1597
1376
1376
2724
2724
2724
2724
2018
2724
2018
4041
2398
2042
2448
4041
2042
3693
1909
2724
2541
2724
4758
2981
4758
2981
2018
2018
4758
2018
4958
1376
974
2018
3212
4386
1772
2724
2724
1557
3961
2399
3101
3724
3101
4758
3007
1479
3007
952
2018
3961
1372
2981
3693
3693
4040
3693
1376
2018
3961
2018
3961
1765
4758
3101
2981
2018
3007
2724
3007
2018
3413
3693
3693
4758
3693
2018
4370
5102
2042
2019
3007
3961
3007
3007
3007
3007
3082
3101
2981
1420
2981
2981
1372
2724
2724
2981
2981
3007
3693
3693
2042
2846
1372
2981
1565
1791
1855
3404
4960
4960
4960
4960
3124
4960
4960
2724
2981
2018
2724
3900
4953
4960
1376
3404
1376
1764
2828
4758
4758
2981
2451
2827
3508
4758
3961
4960
2981
2981
4758
918
2919
4758
2981
4758
2981
2451
2981
2927
2724
2982
2981
4853
498
2981
1372
1372
3007
2724
1372
3007
1183
3007
2981
1183
3900
4041
2018
5042
4758
2018
4040
2981
3007
4758
5130
4758
4041
2724
2724
2981
4040
2981
2724
2570
498
4041
4041
5130
2828
3007
4970
4758
2981
2981
3007
3007
2981
4758
2857
4758
4758
4758
4758
3693
3007
2724
3007
2813
3693
2018
2981
1376
2981
2849
2042
2724
1376
3082
2018
2981
2790
918
2018
2981
4041
4953
3007
5115
2724
2018
2724
2451
2724
3995
2554
2981
2724
2724
4040
2981
2790
4009
4526
2603
3148
4758
3693
2554
2849
3007
1909
3007
4536
4040
4956
5057
3082
3930
4842
3007
2541
1909
3199
4954
2018
1791
4616
2018
4616
2042
3693
2018
1565
2018
2018
4041
1764
1479
4131
2554
1909
5076
2724
2724
3961
4143
4143
2981
2724
4143
1764
4758
3869
1372
498
4243
5076
2740
4961
2836
2580
4952
2042
498
2042
2042
4961
2836
2981
4954
4758
2042
4758
4758
3007
2981
4758
3007
498
3007
498
3693
3508
4758
3404
3508
2093
4758
2042
2724
5112
4758
2042
2827
5103
3007
5103
3007
4040
2018
2724
3007
2042
2724
2793
3961
2042
2042
3961
4760
3508
2765
3508
2018
2724
3508
3007
4760
2981
3007
918
918
918
2981
4758
2827
3693
2927
3508
3508
4684
3007
2981
2724
1764
4143
2042
3593
2724
4041
4143
4040
2828
4758
1479
2724
2724
2981
3007
3007
3941
3995
2981
2324
2981
1766
3007
1376
4143
2018
3007
4758
2398
1376
918
2981
2018
2042
2724
2724
2981
1376
2724
1479
2827
2724
2042
2981
1779
4758
3007
3508
2093
3508
1376
2018
1372
3007
2042
1376
2981
3007
2981
2724
2981
4758
2042
2738
2399
2018
2042
4951
2981
2876
2981
3508
2827
2724
2827
3693
2755
2981
2018
3148
2668
2018
2042
4758
2981
2451
3508
2724
2981
5080
2981
2451
1205
3508
2671
1386
1791
2981
2671
3945
2671
2981
4958
3504
1376
4958
2876
2981
2981
1778
3902
4758
2981
5120
2724
1479
2981
2324
1397
3693
3855
2724
2660
3693
2981
4958
4758
4758
3508
2724
2827
1372
1376
5042
2981
2451
2451
1372
1376
3508
1810
2724
937
1376
5111
4853
2724
918
2042
2042
2981
4758
1372
2981
3693
2981
2042
4041
2836
3124
4758
2755
2018
2018
2018
2018
2981
2759
2820
1479
2981
3693
2788
1711
2018
2981
3693
3693
2827
498
2126
2836
991
2981
3
2857
2724
3693
4758
3508
2981
2755
2981
5076
5112
5042
1479
1479
4041
4967
4967
3212
3999
2981
499
3404
2827
2738
4853
1183
4386
2042
2981
937
2981
2724
2019
3987
3
3102
1376
3
2019
2981
499
3693
2724
2042
3961
2876
3693
4758
2755
4970
2981
2759
4956
2724
3961
2981
2981
499
4960
2981
2981
974
4041
3212
2981
2981
2724
2981
2724
2724
3007
3212
2981
2981
4335
4842
499
2981
4967
3693
2724
4758
2018
3007
2981
2981
3693
5078
4526
2981
944
3508
2981
1479
2755
2876
2018
1479
2042
2724
2018
2981
2981
5114
2724
2981
1376
2724
2981
2981
2018
4386
2724
2042
2827
4954
4958
2981
4758
4758
4386
4758
3961
2018
2042
2554
3007
3693
2042
2724
2982
2541
2724
4132
3961
1553
498
3999
3593
3961
2018
2018
3768
1711
3693
3693
4132
5114
3693
3693
3693
3508
3693
3693
4326
3693
3693
1791
3508
2981
498
2981
2724
498
2724
3170
937
1479
2836
498
4131
4131
2981
2018
2042
5042
4967
4045
2724
4842
2981
4121
2982
1565
3508
1373
4967
5114
5028
3693
3508
2981
2042
4950
3508
918
3508
3508
918
3508
4967
3148
5
5
4955
4951
4951
918
1746
2042
2042
498
498
498
2042
4386
2042
498
3693
4967
4967
3693
2018
3693
2981
4967
952
5112
2042
2042
2108
3693
3693
2603
4967
3693
3693
3693
5112
2982
1479
2981
4967
1372
2042
2535
2018
2981
4758
2042
2981
2981
2981
2724
2981
2981
4758
4758
2018
498
2042
2793
2827
3508
2981
3961
4040
2018
3404
2019
2018
1389
1389
944
4758
2644
1372
3007
2019
4758
498
3693
498
3508
4786
2724
2724
3999
2018
2982
3007
3007
3007
4143
2724
2554
3007
4377
3508
2827
2724
3038
5095
2827
2724
3508
4950
3693
3508
2018
2827
2758
3508
2981
3961
991
3693
1372
3123
2981
2828
2827
3007
4123
2981
3007
2755
4335
3693
952
2724
4953
2981
2981
4040
4758
4040
3007
3693
2981
1791
4958
2981
2981
2724
2724
2724
1963
3058
2981
2981
2433
2331
2724
3007
2924
4672
3508
2018
2724
4041
2981
2828
2724
3999
4386
3693
1778
1386
1376
2018
2018
4953
4853
2981
4143
2827
3058
3508
3508
2827
1376
2981
3058
2981
2981
2981
2981
2018
3038
2827
4825
4758
1376
2018
2981
2981
1723
2018
2018
498
2042
5115
4123
4040
498
498
2981
2541
2981
2981
2981
2981
2981
1723
2981
4765
2981
3508
499
1723
2981
3436
2042
2916
2981
499
3508
2042
203
4758
498
2827
2018
3007
2981
3404
2981
3007
2827
4243
4842
4758
1909
3007
2018
2981
4786
3995
2981
5114
2827
2981
2724
4040
2724
2018
1549
2724
2018
2644
3999
3007
4842
3900
2981
2981
2981
4040
2981
2981
2724
2018
4758
4825
2755
4041
2018
2018
2018
2018
2018
2018
3404
2018
203
2018
2399
2042
4970
2018
4951
2978
3508
2018
2018
2018
1948
2018
2018
3007
2018
2018
2018
2018
2018
2018
2018
2724
2018
2018
2018
1373
2018
2018
2018
2018
4758
2018
1376
2018
2018
2018
2982
3693
2019
4041
2827
498
3007
4040
1376
3693
2042
2836
3007
3101
2018
4040
3508
3508
3693
3007
2018
2827
2018
2981
2981
1183
5035
3007
2981
4758
4758
3809
2724
2755
2981
2042
2304
1372
2981
3508
5057
5057
3007
4966
2981
2981
2981
5075
2018
4243
2042
3007
2981
1372
4958
4958
4958
4040
4041
4040
4040
4758
2857
1376
2981
2724
2981
1479
3007
2857
4132
2981
2981
3148
3007
44
2919
1765
2981
2724
5042
3900
4040
2981
2981
2981
1376
498
2981
4758
4758
2981
498
3007
4041
2981
2018
2981
2981
4758
2018
498
2724
1386
2836
4121
3
2042
2724
3995
2981
2981
2827
2042
2981
2836
2042
2827
1010
2018
2042
3508
1855
1205
4758
4758
4040
4040
1183
4758
4758
3900
2981
2448
2448
4041
3007
3007
2827
2827
2448
5111
3007
3007
3058
3961
2724
2018
2982
2724
2827
2981
4189
1479
2433
2724
1376
2042
4758
3508
3199
2755
2724
2827
2724
2398
2981
2827
2093
1372
1797
3007
3007
3007
3508
4121
498
3
498
2018
3199
3693
3693
4950
2827
4040
4335
4335
1372
2018
2724
4953
3508
2042
2042
3199
974
2981
1565
1565
3995
2018
2981
2982
3007
3995
2042
4758
4143
2981
5112
4041
2042
3199
2981
3508
2981
3007
2982
4966
2827
3121
3693
3693
3459
4866
2399
4040
4758
2018
4041
2724
1174
2981
3007
2724
2827
4040
2018
2108
3007
5075
5042
2042
0
2724
2981
3430
3693
2724
2836
5042
3007
2724
2724
2836
4262
2042
2042
2554
2827
2554
5102
2018
5103
2982
4955
2981
2982
3693
4243
4377
1479
4041
2981
3693
3508
4758
2018
1549
2018
2982
2827
2836
3007
3007
2018
2042
2981
2981
2981
4040
499
2981
2846
4131
2724
1376
2981
2981
4377
2981
2724
2836
4040
2018
3508
2827
5111
3007
3124
2018
918
2448
498
1909
2724
2724
2981
2827
4143
498
4040
3007
3508
107
498
4958
2724
2660
5078
1765
3999
2724
4040
4842
4041
2042
498
1855
2981
4386
1389
1764
4758
4335
2827
2018
2981
2724
4041
4143
4041
2982
4132
4967
1779
3508
2042
498
2827
8
0
4967
3508
4041
5028
2042
3002
3508
8
4143
2876
3693
3961
498
3961
4040
498
2018
4760
2724
2982
1373
2982
2793
2042
2724
2018
3987
498
1372
2981
2448
2981
5094
2724
5042
2448
2981
1376
4853
3007
3007
4758
2827
498
4121
498
2827
4045
3007
2813
1372
1479
2981
2790
2304
2018
937
1376
498
498
3693
2724
2018
1375
5106
2827
5114
2018
2724
1376
2042
5
2981
2827
2813
2724
2981
4827
2724
2827
498
3891
2724
2042
2827
2042
2981
498
2981
3007
2724
0
2827
4967
3431
3007
5042
2981
1372
4758
2981
2981
2674
2982
4041
3693
499
2981
4958
2740
4952
4616
2981
3098
3404
0
2981
2042
2876
4950
1795
4950
4955
498
2827
2042
2724
2018
2927
1372
2755
2981
2981
2827
4950
2981
4040
1372
1372
4950
2981
1479
2541
918
1372
5042
2981
2813
4335
2755
3058
4587
4765
2981
2981
2981
3007
2042
2927
498
498
2981
2724
3098
2724
3007
3058
1511
4123
2289
2570
4868
3007
3007
1376
2018
2018
4143
4672
2018
1372
1511
1205
3961
498
2827
4970
2668
3148
4950
1746
2668
1376
3148
4040
3961
3508
4970
2674
4970
3007
4970
4950
4950
4950
4956
4950
4950
2398
1854
2724
4970
1511
4853
4760
3007
3961
944
2042
2981
2981
0
2042
1376
2981
2580
2018
2982
2981
4758
3693
498
1373
4370
2042
3693
1372
2724
5075
2827
4758
3693
3007
3007
3007
2042
937
2724
290
2927
2827
2042
3007
2042
2042
3508
2042
2827
4978
2448
2827
2018
3007
3007
5076
2828
3593
3007
2982
2042
2042
498
5111
4121
1372
1376
2295
3693
2042
4041
2981
5028
4956
4045
4326
2042
2827
3007
3693
2724
3007
937
3007
3693
918
1948
4616
2981
4842
2982
2982
4853
3508
1511
2836
2724
3768
4040
3508
3101
2018
3007
4121
2042
4672
3961
2018
2042
498
5115
4961
4842
2042
2982
2042
4672
2982
2042
2339
2827
5057
2042
3007
5094
2827
3508
4758
4040
2827
3693
3961
1376
2755
2981
5057
3961
2724
2724
4966
2724
2018
2981
3007
5114
3007
2042
5114
3007
3007
2042
2827
1764
4967
2724
2724
2755
2981
2981
2981
2724
4123
3124
3007
1511
4958
2324
1778
1778
2042
2981
4040
4758
937
4966
2042
126
0
3404
1791
2339
4132
2981
2018
4784
2981
2738
1376
1386
203
2981
2398
4040
2981
5042
2827
2981
4121
4123
2924
3693
2981
498
2981
3508
2982
4786
3007
2827
1797
4786
2981
2724
3101
2981
4758
2042
3508
4961
846
2018
2724
2982
4040
2029
3058
3404
2724
3007
4143
2827
4040
991
2981
3121
3007
2981
3007
2042
2042
3508
1746
4853
2042
3007
2876
3007
2981
1511
2927
3007
1723
2541
1711
4121
2981
4684
4868
3007
5042
2724
4758
5120
2738
4041
2323
4041
5076
2827
2
3508
1553
2981
3413
1511
1830
944
3124
3
3121
2981
3007
2981
498
2042
2042
3961
2042
2042
3007
5115
3007
1376
2724
2042
3995
3007
3768
2685
3007
2018
3007
2018
2724
2724
498
2042
1511
2981
3007
3693
2827
1511
2042
2042
2724
2876
2876
3007
2981
2042
2981
2827
2303
2827
4954
2981
2981
3007
3007
2018
3693
3007
2981
3007
2724
2724
93
3007
4132
3007
3007
2981
2724
2981
2827
4954
4758
2339
3007
4842
3693
1376
2755
1376
3101
2981
2018
2018
2018
2018
1479
3508
2018
1372
3007
3101
2981
2827
498
2981
3007
3593
2029
2019
3693
1479
2019
3007
2755
1479
2827
0
0
1376
1376
2827
2724
2339
1565
2018
1372
2018
2724
2849
4041
2042
2448
4111
1372
4967
3693
2018
2981
3007
3007
3007
2295
2981
3007
3098
3961
2827
2827
3593
2042
4040
1816
0
2018
4758
3002
0
0
3002
2827
3693
2827
4040
1565
2018
2827
3007
3693
2981
2398
2398
1511
3593
4758
3007
5073
2837
2981
2738
2981
2981
2981
5078
2535
2827
2724
1174
2018
1292
3007
4758
1010
4212
2981
3404
1386
2827
3508
3508
2927
2724
4356
2042
5111
5095
1479
2042
3007
4765
4853
2724
4758
3007
0
2827
2827
4758
4786
2399
2303
944
3900
5019
4041
1825
2724
2541
499
4758
2018
499
2981
1746
2724
3878
2982
2919
2919
5028
2724
3007
991
2339
3508
4132
5035
2981
2724
5095
2398
2724
2724
3508
2724
2724
2827
3693
1764
4950
4243
4132
2042
3930
3508
5
1511
2018
4853
3007
2981
2042
3007
4955
4950
2331
5112
2042
2724
3693
1372
3693
2042
2724
5042
2042
3007
2042
3693
1389
4143
3124
1376
5
0
2724
2018
3693
2827
5114
4041
2914
2018
1372
1372
3094
3094
3094
3508
3094
1372
4853
3007
2724
3094
2981
1376
5075
2981
3094
4758
2570
4132
4132
1420
2981
4121
4758
4758
4950
4758
1376
2827
2827
4758
2042
1372
3961
2018
2827
952
2981
4853
2981
3404
3508
3404
2981
2042
3508
3508
3508
1479
3404
4121
498
0
2018
2982
3007
3007
3007
4758
2981
2981
2827
2724
2724
2018
2982
2813
2876
203
4758
4758
4758
3124
2042
1479
3148
2724
498
3807
3508
3508
4951
4951
3508
2981
2018
3508
2042
2827
2981
3961
1372
1372
2399
2827
1372
2399
3855
5112
3855
1372
3693
3693
4758
2042
2018
3007
3508
3508
4786
2029
2018
2827
2042
3693
203
2981
2724
2018
2018
2981
1376
4758
3693
3007
2982
2724
2981
4377
2018
2018
4758
3007
3007
3007
918
4956
2927
3768
4853
498
3928
4758
2042
3404
1372
2981
4758
2981
2724
2398
1
2981
2724
4956
4758
5111
4958
2981
2981
0
3101
2981
4758
4684
5042
2042
4853
5096
3404
2981
2724
2724
3007
2724
2981
2981
2448
2724
2981
2981
2837
2981
3007
2981
2981
2981
3693
2759
1711
4758
2981
3212
1372
3508
3212
4758
3508
2827
1764
2981
2724
2762
1778
499
2018
5102
2724
2981
2981
2813
3508
2448
2042
2724
2018
2836
1778
2827
2724
2724
2981
2570
2042
3693
5042
2982
4143
4758
2019
3693
3508
2
2724
2827
1723
2018
2981
2981
3007
3007
2981
3007
2042
2981
2927
2660
2660
2
2042
2827
4758
5112
918
918
2981
2981
2981
2981
2981
2981
2981
203
2981
2981
1372
3508
937
2724
4041
2981
4758
2982
4758
2018
3508
3693
2981
4758
4758
3693
4758
4758
2981
2828
2724
2981
2724
3508
1372
2981
2019
4041
2827
1372
2836
3593
4758
4950
499
3007
2981
2827
5114
2042
2398
3693
498
2019
5112
2981
2042
3768
1795
2042
4526
2018
2827
2981
2580
498
2827
2827
2765
1375
952
2981
2755
2876
4040
2042
4786
3693
2042
2018
3007
1764
1549
4041
4758
498
2982
2448
2042
1174
4356
2018
2981
2981
2981
2042
2759
2724
2399
2981
4040
2323
1479
1376
3693
3693
2981
2042
5115
2793
2981
3693
2042
1372
3693
3508
3124
5
2981
2982
3693
1376
4758
3508
1772
4842
3961
3404
2042
3508
2724
2448
2724
4672
4335
2304
2981
2981
3007
2981
4951
3007
3007
2724
1372
2304
3007
2724
2042
2724
2304
2042
1372
4672
2042
1205
2981
2018
2724
2724
2755
2724
2042
2981
3508
2827
4701
1479
2042
2042
2042
1372
3007
3007
2827
4758
2724
2724
4758
2981
1376
2981
2982
3007
3101
2981
498
1191
2042
5042
3806
4979
4979
4758
3693
498
2981
3101
3101
3101
2981
3101
3007
2827
2982
4040
1183
1183
2724
2827
2981
1010
1376
2981
3961
2981
1386
3593
2018
3961
4672
3945
3961
2982
4040
2018
2042
2827
2724
3693
3007
2042
2018
2981
2724
2827
4040
2724
3102
3693
4040
3508
2724
2836
2018
2724
4040
4758
4786
498
2042
2674
2836
5115
2982
2981
2981
2981
2981
5114
2981
1174
1183
4040
1479
2827
2827
3007
2018
2018
2018
2018
2042
2981
2724
2042
3508
5042
290
4040
2849
2982
2042
1372
2018
2827
2836
2981
3768
3094
4954
2304
2520
918
498
4950
4123
2018
2018
3961
3961
4967
2724
2018
5080
2827
4758
4040
2827
3693
2042
2724
2981
4786
2042
2018
2018
3007
4040
203
2018
2724
4979
4041
3928
499
2981
2827
4961
2827
1205
3508
3508
2981
2981
2827
2042
2827
2724
3007
3007
2724
4758
1372
2724
5112
2981
2018
0
3007
2927
1810
2724
4672
2793
2981
2981
4786
2793
2433
2793
2981
1373
4326
4536
2042
3007
4176
2520
2827
2724
5078
2042
2018
4758
499
3806
2724
2857
2755
2755
1797
2981
4045
2755
2827
2724
3124
1376
2981
1909
2981
3007
2827
498
2738
2982
1816
2919
2981
2042
2981
2042
2724
2443
3007
3
2
3693
2042
2827
4684
4966
498
1962
4131
3693
2724
2740
3508
3693
2828
2018
1376
3693
4853
2042
2399
2827
1183
2018
1373
2827
4786
1772
4123
2981
4121
2827
3459
2981
2827
2018
2827
498
2541
3508
3508
4041
2724
2042
4123
2827
3693
2042
499
4758
3508
1778
2018
2836
2827
3007
4370
2018
2290
499
1778
3693
3995
4009
1372
3508
2018
3058
3941
3508
2018
4040
5057
4758
5057
2724
3007
3007
3007
4758
2451
2981
2981
3693
1376
2304
2981
3007
2981
2981
2793
3007
2981
2981
2981
4335
2108
3508
2724
4040
3007
3693
4045
2304
4842
3007
3508
3007
4143
4143
3007
3007
3007
2042
3007
1511
2981
2927
3
2927
2925
4967
3007
4967
3007
1711
2724
3007
3007
5011
3007
3693
3007
1479
2927
3007
3007
1479
4121
1479
1479
4868
3007
4825
4967
2451
2981
2981
2018
4386
2765
2042
2018
3007
944
2724
3806
4967
2836
2724
1479
2724
2765
4967
3693
2827
2755
3508
1372
3693
3007
2724
3693
3007
2018
2042
2042
2042
2042
3007
2018
2018
3212
3508
2520
1174
1174
2981
2724
2724
2981
4587
5115
2981
2919
1549
2018
3693
1549
2724
2042
2828
3508
3508
2018
2042
2724
1376
2981
2827
498
498
2724
2724
2396
3508
3693
2520
3007
3809
3809
944
2724
2660
3404
1389
4123
2042
1372
387
3007
2042
2042
2827
1816
3900
2981
3693
387
944
2042
2724
3508
1565
3007
2018
1283
1283
2018
3504
2042
3007
2981
3693
2042
2018
4040
5115
4040
2042
2724
4758
3007
3124
2724
2443
3693
4143
3855
2827
2827
3007
3007
2982
1779
2671
498
2724
2541
4386
2827
2828
3007
2603
2018
2018
2018
2042
974
2042
498
2981
0
2827
4040
846
2042
3508
2018
4176
3508
3508
2603
2042
3007
2018
2018
5073
5073
1372
2018
2827
2042
2981
2042
2042
2827
107
1183
2724
3007
2828
1772
4758
3007
2018
2724
1479
3693
2981
1174
4758
4758
1183
2018
2827
3961
2018
4758
2982
2724
2827
3961
2876
1386
3007
4758
3007
2827
2827
3007
2827
2724
2981
2018
2981
3007
2724
3007
3007
2018
3999
3007
3007
3007
2981
2042
2724
2042
2018
2836
2827
2018
3007
3007
2724
2827
1799
3007
2724
2042
498
498
3508
3508
2827
2827
2827
3404
3878
2724
3007
4356
3007
2981
3007
3123
3878
3007
3007
2108
2108
3007
1778
3007
2724
2018
3007
2836
3007
3508
2042
3007
3007
4386
3007
3007
3007
3007
3007
1010
3007
3007
4758
4386
2981
4842
3007
3007
3007
2724
498
3007
2019
2981
3007
994
2981
4045
3007
2644
2981
3508
3124
1479
3508
2981
2018
3693
2018
2724
2981
1376
3007
2981
2981
4950
3007
3007
2790
2790
2981
2827
2
1397
3007
3007
4212
944
2981
3007
2724
1479
1723
3693
2981
2981
3693
3007
2724
3007
3693
1779
3
2765
3007
3404
3693
2981
3007
2981
3007
2981
2981
2451
3007
2724
2018
3007
3007
3007
2674
2790
2018
2724
3007
2018
2443
3961
5019
4672
1205
1372
2981
2042
918
498
2304
498
2018
4040
2981
5073
2042
1511
498
2042
498
2782
498
2399
2042
1283
2304
2813
2042
498
2042
2042
498
3007
3593
498
2827
2042
1283
2042
2042
4950
498
3987
2018
2304
2981
2981
498
3007
2813
2108
2981
498
2981
3101
2793
2042
4672
4951
1711
4954
2724
4954
4966
3007
3007
2018
4950
4040
1283
4979
2018
2981
4966
1283
4966
4041
498
2981
3902
2724
4950
1283
498
3098
2295
2541
1764
4041
498
2042
498
4758
2981
0
2836
1723
1283
2042
1283
2724
2396
4758
2782
2981
3508
4041
3508
498
1711
2554
2828
3508
5106
498
4758
3007
498
2042
3007
3007
2042
3007
3878
3007
2981
2018
498
2981
3007
2981
2981
2981
2304
498
3007
3007
3007
2724
3999
4123
4123
2724
3404
2724
498
2042
3007
2042
3895
3007
498
3508
3007
498
3007
4758
2724
3693
991
3007
2671
2724
2981
2451
918
2724
2981
3007
2018
2018
1376
1376
1376
1376
3007
3007
3007
4956
4866
2982
3007
3007
2018
2018
4041
2724
2018
2724
3508
2042
1963
1376
2018
2740
1376
2018
2827
1376
3007
2108
5130
2981
2042
4758
4616
1376
1376
4758
2981
3007
2981
2981
2981
3961
498
2981
2981
2981
2570
4324
2981
4040
2018
2018
2927
2827
2018
3508
4131
1778
3693
2018
498
3693
1597
5042
2019
4587
3693
4758
1597
5057
1372
1778
3961
2668
4786
2724
4758
2724
3961
4121
3508
4960
5075
3007
2018
1376
4132
2813
2982
2724
3007
2876
3961
2827
1791
2018
2018
498
2042
1553
3148
1738
4758
1376
3
1283
2724
3941
3007
1738
3007
1372
2018
2018
0
3508
2827
2042
3007
2520
2671
5057
1479
2981
2018
2724
4370
1557
2836
2724
2042
2827
3007
3007
3007
1376
3007
3007
1723
3007
3007
2304
3007
1711
3007
2042
2520
4041
2042
2724
2724
2042
2876
4958
2042
1283
2042
2981
5035
2042
5075
5076
2827
4672
498
2042
498
1372
4853
3693
2019
3007
944
3961
1778
937
2042
1479
1479
2564
2042
4758
2827
2981
2042
499
4041
2724
1372
2042
1772
498
1283
2765
4386
3007
3007
3404
3148
107
498
2981
1723
3007
3007
498
1372
1376
2758
2827
1283
1283
2042
1723
1711
4370
3693
3508
2827
3007
3124
2827
499
1372
2919
991
4868
498
918
1283
1376
2927
2981
2724
1376
2982
2827
4758
2018
3124
3007
