2981
2981
4758
2
2981
3693
2981
0
2981
3693
0
3007
4967
2981
3508
2018
1854
2981
3007
3007
4967
3007
4758
3007
3007
3007
1559
3007
3007
4041
3007
1559
2981
3693
3007
2981
0
3693
1479
2724
2981
2724
2724
0
3508
2724
2981
2724
2724
2827
2018
4041
3693
0
2724
3007
2724
2981
2520
3007
2724
2981
2724
4045
2724
2018
2837
2981
3007
3007
3007
3007
3007
3007
3007
2981
2981
2981
3007
3007
2724
2981
3007
3007
3007
2724
0
2724
918
0
3508
4758
3007
5094
3007
1909
1909
3007
4758
2295
3007
2724
2724
2724
3007
3007
4040
3007
5095
2018
3007
3007
3007
0
2828
3007
3007
3007
2837
3007
4720
3007
3007
0
3007
3007
3007
3007
4041
3007
3007
3007
3007
3007
3007
3007
3007
3007
4335
2981
3007
2981
3007
3508
4041
3007
2876
4040
3007
2876
2981
3768
1376
0
3961
3007
3007
3999
2981
3007
3007
0
3007
4041
3007
3508
3007
3007
3508
3007
3007
2876
3007
1830
3007
2876
3768
1376
3508
107
3007
4758
4758
3007
3
3007
3007
3007
3007
0
3007
3007
3007
1376
0
4758
3007
0
2981
1376
2981
1479
0
0
2724
2981
2981
2724
2724
2724
2724
203
4758
2724
2724
2724
2724
2981
0
4063
2018
3768
2724
2724
2724
2724
3007
0
2018
2981
2724
1479
2827
5028
2981
0
2724
1479
1479
2724
4041
2981
2827
2018
2018
2981
2981
2827
4758
2981
1376
2
3508
4786
2724
2981
2724
4243
3436
2724
0
0
0
3508
4758
1479
0
971
0
2724
4701
2018
2981
3961
2981
2981
3
2827
4758
4176
2724
2836
2981
3007
2981
3768
1479
5080
0
2981
2981
3693
2981
2029
2981
2724
2827
2981
2981
2981
2981
4758
2
2018
3508
2630
2018
2981
2981
2981
2981
2981
2981
2876
2981
1479
2876
2981
3995
1479
2724
2876
2981
2981
2981
2981
2981
4786
2
3693
2982
2981
2724
0
2018
0
2827
4967
2724
2018
2724
2018
3007
2827
3508
3508
2827
2981
4626
1479
4758
2018
3508
2827
2018
3693
1479
4758
2018
3508
2790
2724
3007
2018
1397
3508
2981
3693
2018
0
0
2724
3007
0
2
2018
4063
3058
2
3124
2448
3508
2981
2724
1376
0
2981
0
2981
3693
2724
2981
2724
3508
2981
2827
2724
2827
3508
2981
2981
1479
3693
0
2827
3693
3693
0
0
3508
2724
3508
2018
4123
2724
3508
1479
4143
0
2018
2724
0
1376
2724
4758
0
2448
2018
1479
1557
2724
3102
2981
0
3768
2981
4243
4040
2724
2
2876
2724
2724
2981
918
2927
3995
2724
2724
2435
4758
2927
2724
1479
4758
3007
1909
4758
2724
2981
0
2827
1810
0
0
2827
1810
1376
2981
2981
0
2
3995
0
2
2981
2724
0
2981
0
4176
2981
2724
2018
2724
2981
5042
2724
2724
2724
3508
2724
2981
2724
2
2981
2981
918
0
3693
2974
4842
2981
1764
2981
2981
1479
1479
0
2724
1479
0
4587
1962
2724
1479
2724
3124
2668
2981
2
2724
2827
5075
2724
2981
0
3693
2724
0
2018
2981
2724
2
0
2827
3693
2018
0
2981
2981
2805
2981
2981
2724
2724
2981
0
2827
0
2
3693
0
3007
2724
4041
2827
0
0
2981
2981
2724
3961
0
2018
2981
4758
0
0
0
3693
3007
0
3693
5075
3693
2018
3693
3007
0
3007
0
3693
3693
3007
3693
4786
2724
2
0
1479
2981
0
2981
4045
2018
1479
2981
3693
3693
2
3693
3007
2981
0
2724
3693
3508
2981
2981
2018
3058
3508
0
2981
2448
2827
2827
3693
2724
0
2827
0
0
2724
2827
0
3768
2724
3693
3007
4758
2876
2981
0
2018
1511
2981
2827
2981
3007
2018
5028
2724
3007
3508
2981
2827
2981
846
2927
2981
0
2724
4758
4758
2724
1376
0
2981
0
3007
0
0
3007
2724
3007
2981
1479
0
2018
2981
2018
0
3768
2724
4041
3508
0
0
2981
3693
2981
3693
2018
4041
5028
2724
2018
1376
2724
3693
3693
0
3508
3508
3961
3693
3693
0
0
0
3693
2981
2724
3693
918
0
2
1479
3693
0
0
0
4672
498
3508
3007
2981
3007
3007
0
0
2827
0
2724
2724
4758
4758
1376
3961
0
3961
4758
3007
3508
3007
3007
2981
2724
2827
2724
2724
2018
0
2018
3007
2018
2876
0
4786
2876
2724
2981
1479
5103
3508
0
0
0
3693
2018
2018
2018
2018
4758
2827
2018
4041
0
2981
2668
1479
2927
2018
1948
2724
0
0
1479
2827
4041
2981
0
2018
2981
4970
0
0
2724
2018
3693
0
2827
2827
0
2724
1797
1810
1948
0
3007
2827
0
0
2018
0
2981
2724
0
2
0
3508
2724
0
2981
2520
3007
918
3508
918
3508
3693
2827
2981
3124
3693
2981
2981
2724
2981
0
2724
3508
498
3869
0
3995
3941
2981
2018
2981
2981
2981
2981
2981
2981
2981
2981
2981
2724
2981
3508
2724
2018
2724
4758
2981
2827
2981
2724
2724
4536
2
1723
3124
2724
0
2018
2827
0
3693
3007
2981
4176
3007
4041
3007
2724
2827
2827
2827
2827
2827
2827
2827
2724
2018
2724
2724
2724
2018
2724
2724
2724
2018
0
2724
2724
4356
0
0
1479
2295
2790
2927
0
0
2981
0
0
3121
2827
3007
2981
1479
2018
1479
0
0
0
2018
2724
4041
2018
2724
2724
2724
3772
0
0
0
2981
2981
0
1479
2018
2018
0
2018
2981
0
3999
2981
0
2981
3768
0
0
2724
2827
2925
2981
0
2981
2018
2018
2724
2827
1479
3007
3007
2981
2018
2724
2018
2018
2018
2724
2018
0
3508
2981
3508
2018
2981
0
0
2981
2981
918
2018
1559
2029
0
2827
2
2
5115
2925
0
0
3007
2724
0
4970
5112
0
2018
2018
4536
4758
0
0
0
3007
3007
3007
3508
2981
3007
2018
3007
3007
1479
0
2827
4758
2724
2018
3007
2018
2827
3007
0
0
4758
2018
2018
2981
1948
2724
2
2724
2981
0
0
2981
0
1559
4758
2724
4758
2
2827
2018
2827
0
2
0
2
2724
0
3007
0
3007
3007
0
3007
0
2827
3007
3007
4758
4758
3007
2724
3007
3007
2981
2981
2019
3007
2445
2827
3007
4842
2836
2724
2981
2828
2724
2724
3007
0
1190
3007
4758
3693
3007
0
2981
3007
0
2018
3007
3007
3007
3007
3007
3007
0
3007
3007
2
1479
3124
3007
0
2
2827
3007
2724
2724
4041
2827
2724
2724
0
2925
2724
2
1479
0
2981
3508
2724
3508
3007
2827
2724
3007
1479
2724
2018
0
2981
2018
2018
0
3007
2018
3007
2836
2981
2724
3007
2
2724
2836
4758
1376
0
2981
2981
4041
0
2981
2836
2981
0
1376
2724
0
0
2724
0
1549
2295
2724
2981
0
3007
2018
5042
2981
0
3007
2981
0
2981
1376
2981
2724
2724
2295
3007
3007
2981
3058
3058
5094
3007
2018
2981
2018
2724
3007
2981
0
2981
2981
2724
0
2827
0
2981
3124
2018
2981
0
2685
2827
0
0
2981
2724
1778
0
2981
0
2295
2
3693
918
3007
2724
4243
0
2981
2981
4786
0
3508
3693
1292
3124
3508
0
2981
3508
2018
3007
3007
0
4243
0
2981
0
2018
2018
0
2724
1778
2827
3007
0
3102
2724
3007
3007
3007
2018
2981
0
2981
3508
1479
1479
2981
2724
2981
2827
3007
2981
3007
0
2724
918
0
2724
2
2827
2018
4760
5028
5028
1479
2520
2018
2724
0
3007
3007
0
0
2805
3124
2018
2827
4758
2820
5076
3693
4758
2827
4040
3693
918
2828
3999
2724
1779
3693
2981
2981
4041
2981
0
2019
2836
3772
2981
3693
3693
2981
2724
2981
2981
3693
0
2724
2827
2981
4758
2981
2827
2018
0
2827
3007
2981
2827
952
0
2827
3693
2018
1816
2981
2724
5094
2018
0
3007
2
0
2724
2981
2981
2981
3007
1810
2
2827
2018
2827
0
0
2981
2981
3007
3007
2
2827
2399
0
2981
974
2724
0
2018
2981
3007
2981
2981
3007
3007
2018
5095
2981
1479
2018
3007
2827
0
2029
2981
3007
3007
1479
4041
3007
2981
2981
3007
4758
2790
2724
2724
0
2981
3101
107
0
2
107
2981
1511
2981
3007
2018
2304
4970
3007
3007
1479
2018
2724
3007
2724
2724
2981
2827
2981
2827
3007
0
0
1909
2724
2981
2981
2827
4758
3007
3007
918
3508
2981
2981
2018
3007
2724
2981
5028
2981
1723
5102
3007
2018
3693
3007
2724
0
3007
2827
2827
3007
2981
3007
2
2827
2790
2981
2724
2981
2724
2827
3007
2981
2
2981
2724
4616
0
2981
2724
2981
3693
2724
2724
0
2981
2981
2018
3693
0
1553
0
0
2876
3124
2981
4041
974
2724
0
0
974
4758
4758
3508
2018
2
0
3007
3768
5042
3693
2018
2018
3007
0
3693
2981
2018
2724
2827
3693
3007
2981
2724
2981
2981
107
2018
3007
2981
2018
4786
2018
3693
2018
3693
4243
4758
2724
2018
2018
3007
1764
2724
2981
0
0
2981
2981
2981
2018
0
2981
2981
4758
2981
2981
2724
1479
2018
4749
3007
2018
1479
2981
2981
1541
3007
2018
2981
2981
3999
2981
3102
0
0
4749
2981
2827
0
3693
3693
2724
2724
5028
4041
2876
3693
4758
4758
2981
2981
3693
3693
0
3693
3007
2724
3999
2981
3007
2981
3007
0
2724
0
0
2724
1479
0
3693
3693
2724
1174
2981
2981
0
2724
4243
5095
4786
3999
0
3007
1909
1511
2981
1376
2724
2
0
0
2981
3508
2724
3508
2
4951
3007
2724
0
0
3508
0
2981
1376
2
2724
2981
2981
3999
2827
2827
0
0
0
2724
2827
2981
0
0
2018
2981
3007
3007
2724
2837
0
2981
3693
2981
4758
3007
2981
2724
1376
2668
1479
2668
2520
0
4243
0
0
918
2
2981
2827
2724
3693
2019
2981
2724
107
2724
2724
3693
3693
3508
2724
3693
2981
107
2981
3007
4041
2981
2304
2724
2827
3007
3007
2827
3007
5028
3007
1479
4758
0
0
3007
0
2827
3007
0
5042
2
2
1479
2018
0
4758
2981
3007
2981
2981
3007
1479
3007
2724
2724
2981
2981
3007
0
0
0
0
2981
3007
2981
1479
0
2981
2827
4176
2724
1376
0
2724
2724
2827
3768
2018
2018
3508
1479
1376
3693
2295
2
4616
0
3693
1376
1376
1376
3007
2
4951
2981
0
2018
3508
1292
974
2724
4041
3508
2018
2018
4758
1292
3693
2981
4758
2724
3508
3508
0
0
0
0
2827
3508
3508
2724
2981
2827
2
2981
2724
0
0
2724
0
2981
3007
2724
2724
2827
2724
2018
4243
1292
2724
3693
0
2724
1479
0
0
2981
2724
2981
2981
2724
3007
2981
2724
2724
2981
0
4123
4958
2981
2018
1010
2981
0
4040
2018
4045
2724
2724
2827
5028
3693
2
0
0
0
0
1376
2981
2724
2827
0
3508
918
3508
8
918
3508
2724
3693
3508
0
3002
1376
2724
3508
0
0
2724
0
0
3693
0
0
3693
0
2981
0
0
0
0
3693
0
3693
3508
2018
2981
0
3508
2724
3693
1376
0
3693
0
3693
2724
918
3508
0
918
2018
2827
2981
3508
2724
3693
2876
2919
2827
2981
0
0
3007
3768
0
3693
0
1376
1479
2724
2724
0
0
4041
0
0
0
0
0
3693
0
2018
0
918
918
2724
2827
2927
0
0
0
1376
918
3508
3693
0
3693
2724
0
0
2018
2827
918
3508
0
2724
0
2724
2018
2724
2724
2724
2724
2827
2827
2981
3007
918
3508
2724
0
2876
2724
2018
918
0
1376
2724
3508
3508
2827
2724
2
0
3007
0
3508
3508
2981
918
2451
2827
2827
3693
2827
2018
2018
4758
3693
2833
1479
2827
0
4967
2827
2827
2827
2827
2828
3693
0
2927
2828
2827
918
5028
2451
2451
2451
3508
2981
2827
3693
2827
0
2827
974
2724
2018
2981
3007
2981
1292
2724
2724
2981
2981
3508
2981
0
1292
2981
974
1292
3693
4326
3007
4956
1376
1479
2
5094
3058
2724
2
1479
2828
2981
2018
2018
2
3693
3007
2827
3768
2981
0
1479
2018
5042
2981
2724
2018
2018
4536
1559
0
2981
1825
2981
2724
2724
0
0
0
2981
1825
2981
2018
3508
2724
2724
3508
3508
2981
3007
3508
4758
0
0
2724
3007
3999
3007
4045
0
0
2724
0
0
0
0
2981
2828
0
0
2018
0
0
2724
2724
0
937
0
3693
0
0
2668
918
918
3508
2981
5115
3693
4758
4243
2981
0
0
0
0
2790
2827
3693
3508
0
0
2724
3693
2827
4616
2981
2724
0
0
4758
3508
2724
3508
918
0
1479
2981
2981
2
3999
3772
1738
1479
2018
2981
3930
1799
5120
4701
1479
2
3693
2827
2
3693
0
2981
3007
3995
3995
0
2018
2018
2018
2724
2724
1292
1511
2724
3999
2981
3101
2724
0
1376
3508
2724
2018
3007
2981
2668
1479
3007
2724
2724
3007
2724
0
1376
2981
2827
3007
2981
4866
2
3508
3508
1376
3508
3693
4041
3693
1205
3508
2018
2876
2018
2827
0
0
3007
4243
0
2827
0
4041
3508
2018
4386
2827
3007
0
2018
3693
2724
3007
0
1376
2981
2981
3007
3007
2981
0
0
0
3883
3693
2724
4243
0
2
2827
2827
2827
0
0
2981
3007
3124
2981
2724
2018
2018
2981
2981
4758
2981
2146
2724
2836
2724
2724
2724
2724
0
2724
2828
1479
1479
1799
0
2018
2981
2981
2981
0
2827
0
2724
0
5095
2827
3007
0
0
0
3693
2981
3508
2724
2433
0
4951
2
4616
2981
918
2981
4041
2981
2981
3007
4041
3693
2
2
1764
2981
918
1376
3415
2724
0
0
2724
2981
1376
1830
2724
498
2724
2018
2724
3007
2981
2724
2668
2827
918
0
0
1479
918
3508
3007
4758
3961
3961
3124
3007
5112
3693
0
2018
3508
0
3007
2433
2
0
2827
3508
2827
0
0
3508
0
3508
0
0
2827
0
0
0
1376
0
0
1479
3002
0
2827
3508
2981
2018
2827
4616
2876
3693
3508
3508
0
0
918
3693
5042
0
0
1479
2399
2668
1861
3124
0
3007
1569
0
0
4786
3007
2827
0
3
4176
3
0
2
3007
0
2668
1962
0
0
4956
2981
0
0
1479
2668
2018
3508
0
1479
2
0
2018
2018
3508
0
2827
0
2981
0
0
0
3508
0
3693
5028
0
918
2399
2
2724
0
2876
0
2
0
2981
2724
2827
2724
3693
0
3007
3124
0
498
4966
0
2
2981
2981
2724
0
0
0
0
0
1779
0
2981
1479
5028
3
3508
0
2981
0
4041
3508
0
918
1479
918
918
918
918
0
3941
2724
3508
2827
2724
2724
2827
0
3007
2981
3007
3508
2981
3007
2981
2981
2981
3007
3508
3124
2981
3007
3007
3508
3007
3007
2981
2981
0
2981
4758
2981
3508
2981
3007
2981
0
2981
3007
2981
3007
3007
4758
2827
2981
2981
2981
2827
0
2827
2827
2827
2019
0
2827
2981
2981
2981
2827
2827
2981
2827
3007
2827
2827
0
2018
2981
2981
2981
2981
2981
2981
2981
2827
2981
3007
3007
3007
3007
3007
3007
3007
2981
2981
2981
0
3693
2981
2981
2981
2981
3007
3007
1479
1376
1479
2981
2981
3007
1376
3007
1479
2018
2981
2981
3007
3007
3007
3693
2981
2981
0
4758
2981
2981
3007
2981
0
3007
3007
2981
2981
3007
3007
3007
2981
1479
3007
0
2981
0
2981
0
2981
2981
2981
2981
4123
2740
0
2981
2981
2790
2981
1373
1479
2981
0
0
0
0
2981
2981
3007
2724
0
2827
2981
2724
2827
2827
4243
2981
3
3
0
2981
4041
2724
5076
2
0
0
0
2018
2724
3693
1909
3508
3007
2724
2724
3
2982
0
0
0
918
0
0
1479
2724
0
0
0
0
2724
0
4123
2
2981
3508
1479
1479
2981
2981
0
2981
0
0
2981
0
3007
2981
2981
2981
1376
3007
3007
3007
3007
0
1376
3
918
0
0
3
2981
2981
3693
0
0
0
0
498
2981
4189
2981
5076
3007
2981
0
0
0
0
2981
0
0
3961
3007
2981
3007
3007
4041
4684
4386
2827
1479
0
3693
0
2668
3007
2724
2981
2304
2981
3007
3693
1479
3007
0
1376
1511
3768
0
3007
2304
4123
2827
1479
2981
0
0
0
4263
4263
2981
2724
2981
3768
3508
0
5042
3768
2981
2448
1810
0
2981
2981
2724
2724
3508
2981
2724
2981
2981
4758
4386
2981
2981
2981
2981
2876
2724
2981
3007
3007
3007
3007
3007
3007
918
2981
2981
2981
2981
1376
1479
2981
2724
2724
3007
4758
4386
2827
3007
3007
3007
3007
3007
3007
3007
5042
1962
2724
0
0
0
0
0
0
2790
2827
2827
2827
2827
3007
2724
0
2981
2981
2981
2724
2981
2981
2981
2981
918
2981
2981
0
2981
3007
2981
2981
0
0
0
2981
0
0
0
3693
4040
4040
4040
2724
2981
2981
2981
3007
0
3508
2981
2981
2981
2981
2981
2724
2981
0
2981
4758
0
2981
2981
0
2981
4041
2981
2981
2981
2981
4386
2981
918
2981
2981
2981
2981
2981
2981
2981
4040
918
0
3693
3508
2981
2724
0
2724
3007
2981
0
4701
2981
1479
2981
3007
4176
2981
2
0
3007
2981
0
3007
4842
2981
2018
4842
3007
3007
3007
3007
3508
3508
0
2018
2981
2981
2018
2981
2724
2981
2724
2981
2827
2
4758
2981
3508
3007
3007
3693
3508
3007
918
0
2758
2981
2981
2981
3768
2981
2981
2981
2981
3007
2981
2981
3007
3007
3007
2981
2981
2827
2981
0
0
4758
2981
2981
2724
2981
2981
0
2981
2981
4842
2981
2758
2981
2981
2981
2981
2981
0
0
2724
1557
2758
0
2740
2981
1376
1376
1376
2981
2981
0
0
0
3007
2981
2828
3007
1479
4616
4616
0
2981
3007
2724
3007
3693
2724
2981
0
1479
3007
3007
3007
3007
0
4758
2793
918
2981
918
3007
2981
2981
2981
2981
2981
2981
2981
2981
2981
3007
2981
2981
2981
2981
2981
3007
2981
4758
2981
2981
2981
2981
2981
2981
2981
2981
1479
4758
918
2981
2981
2981
0
4176
0
0
1795
0
0
1778
290
2981
2981
2981
2981
3508
3508
0
2805
0
0
0
0
0
2981
918
2981
3693
4758
918
918
3007
918
3007
2981
2981
3508
1557
2724
2724
3007
0
3508
2668
0
0
918
4386
0
918
4386
4386
3007
3007
0
3508
2981
3007
1810
0
2981
3508
0
3007
3007
1479
0
1479
3007
1479
2919
2724
2981
3007
2827
3007
3007
2
0
2520
0
2981
4758
3007
2981
4758
2827
2981
3508
3007
4243
1376
4970
3007
2981
3007
0
2981
0
0
3007
2981
0
2981
2981
2981
2981
2981
2981
2981
3007
1479
3930
0
2445
2981
1764
3007
4041
2
3007
3007
3508
3007
4758
3508
3508
3007
4758
4684
3007
2981
3693
2981
3995
0
2981
3007
3007
2827
0
2981
3007
3007
3007
3007
3007
3007
3508
2827
3693
2981
3995
3995
2876
3768
3995
1376
1376
2724
2724
2724
2724
2018
2724
2981
4041
1479
0
0
4041
0
3693
0
0
2724
0
918
2981
918
2981
2018
2018
2981
2018
2828
2018
0
2981
1479
2981
2820
2724
2724
4176
3693
5076
2981
0
2981
4758
3007
1479
3007
4951
2018
3693
3693
2981
3508
3693
3768
3693
3693
2724
2981
2981
3961
2295
4758
2981
2981
2724
3007
2724
3007
2018
2
3693
3693
3693
3693
2981
3124
4123
0
2981
3007
3961
3007
3007
3007
3007
0
2981
2981
2974
2981
2981
1376
2724
2724
2981
2981
3007
3693
3693
3693
2740
3693
2981
0
3102
1479
1479
4960
4176
4960
4960
3124
4960
4960
2724
2981
2018
2724
2927
4953
2927
2876
0
1376
5028
2828
3508
3508
2981
2981
2827
3508
0
3961
2724
2981
2981
918
918
2
918
2981
3693
2981
2981
2981
2927
2724
918
2981
0
0
2981
3693
3693
3007
2724
1376
3007
3508
3007
2981
0
2981
2724
2018
0
0
2018
2724
2981
3007
0
4243
3508
5130
2724
2724
2981
4041
2981
0
0
0
4041
4041
2724
2724
3007
2724
918
2981
2981
3007
2981
2981
2724
2857
2724
2724
2724
918
0
3007
2724
3007
0
4386
2018
2981
1376
2981
2981
0
2724
1376
3124
2981
2981
2981
918
2018
2981
2828
4953
3007
0
2724
2724
2724
2981
2724
4045
0
2981
2724
2724
2724
2981
2981
1479
2564
2
1479
3508
3693
4956
5094
3007
0
3007
2
4958
4956
2
0
4131
0
3007
2
2925
3199
4786
2018
1791
4616
2724
4616
0
2724
2018
4616
2018
2018
4041
4176
0
4131
0
2925
0
2724
2724
3961
4143
4143
2981
2724
2
2
4758
2927
1376
0
4243
5076
2724
1205
2827
2927
2820
0
0
0
0
1205
2827
2981
4954
4758
0
4758
4758
2981
2981
4758
3007
0
3007
0
3508
2724
3508
1479
3508
107
4758
4386
0
0
2981
3693
2827
1541
3007
4958
3007
4758
3693
2724
3007
0
0
2981
3693
0
0
3693
163
3508
0
3508
2724
2724
3508
3007
163
2981
3007
918
918
918
2981
3508
2827
3508
2
3508
0
4063
3007
2981
2724
1764
1479
0
1479
0
4041
1479
2724
2828
2981
1479
2724
2724
2981
3007
3007
3508
3995
2981
0
2981
2
2981
4758
3508
2018
3007
3508
1479
3693
4758
2981
3508
3693
0
0
2981
2981
2724
0
2827
2724
1376
2981
0
4758
3007
3508
2
3508
3693
2018
2981
3007
3693
1376
2981
2981
2981
2724
2981
4758
0
0
2925
2018
0
4951
2981
2876
2981
3508
2827
2724
2827
3508
3995
2981
2018
0
0
2018
0
4758
2981
2981
3508
0
2981
974
0
2981
0
4758
0
1479
1479
2981
0
3945
2
2981
0
3508
2981
0
2876
2981
2981
1778
1479
4758
2981
5120
2724
0
2981
2
2
3693
3124
2724
2
3508
2981
0
2981
4758
3508
2724
2827
2981
2981
0
2981
2981
2981
1376
3693
3508
1810
2724
0
2981
0
0
2724
918
2018
2724
2981
3693
1376
2981
0
0
0
2724
4045
3124
4758
2724
2018
2724
4758
2018
2981
0
2820
0
2981
0
0
1479
0
2981
0
3508
2827
0
2126
4045
203
2981
3
2857
0
3693
4758
2724
2981
3693
2981
0
4045
5042
0
0
4041
2724
0
918
3999
2981
0
0
2827
0
0
0
0
0
2981
937
2981
2724
1479
1479
3
1479
1376
3
2981
2981
2981
1479
2724
0
2876
2876
3693
4758
1479
2828
2981
2724
0
0
2981
2981
2981
1948
3508
2981
2981
974
0
4786
2981
2981
0
2981
0
2724
3007
918
2981
2981
4335
2668
0
2981
2827
3693
2724
4758
2018
3007
2981
2981
0
3508
2
2981
0
3508
2981
0
0
2876
2018
0
0
2724
2724
2981
2981
4970
2724
2981
1376
0
2981
2981
2018
0
2724
0
2827
4954
0
2981
2981
4758
4386
4758
3961
2018
3693
0
3007
3693
3508
2724
3508
1764
2724
0
0
2724
0
3999
3593
2981
2724
2724
3768
4951
3508
2018
0
2724
3508
3508
2828
2724
3693
2724
4326
3508
2724
1778
3508
2981
0
2981
2724
0
0
918
0
1479
2724
0
5035
4131
2981
2018
2724
0
4967
4045
2724
4842
2981
2724
0
2
3508
4063
4967
2828
0
3693
0
2981
0
3693
3508
3508
3508
3508
3508
3508
4967
2
0
0
0
4951
4951
918
0
0
0
0
0
0
0
3693
0
0
2724
3693
4967
2724
2018
3693
2981
3693
2
2724
0
3693
0
3508
3693
3508
3693
3693
3508
3693
3436
3693
1479
2981
4967
1376
3693
3508
2018
2981
3102
0
2981
2981
2981
2724
2981
4758
3007
4758
2724
0
0
5115
2827
2724
2981
2981
2724
2018
2981
0
2018
1479
1479
4955
4758
2790
2981
3007
2019
4758
0
3508
0
3508
2724
2724
2724
2820
2018
0
3007
3007
2981
0
2724
0
3007
2724
3508
2827
2724
0
2820
2827
0
3508
2668
3508
2630
2018
2827
2399
3508
2981
2876
2
3693
2876
846
2981
2828
2724
3007
4123
2981
3007
0
4335
2724
952
2724
2724
2981
2981
2828
918
4041
3007
3693
2981
1791
0
2981
2981
2724
2724
2724
2
4041
2981
2981
2433
2837
2724
2981
1830
4672
0
2724
2724
4041
2981
2828
2724
0
2724
0
0
1791
3693
2018
2018
0
3772
2981
0
2827
4041
3508
3508
2827
918
2981
4041
2981
2981
2981
2981
2018
2
2827
3999
4758
1376
2724
2981
2981
1723
2018
2018
2724
0
0
3693
4040
0
0
2981
4176
2981
2981
2981
2981
2981
1723
2981
4189
2981
3508
2433
0
2981
3436
0
2916
2981
2981
3508
0
203
918
0
2827
2018
3007
2981
1479
2981
3007
2827
2724
4123
1948
1909
3007
2724
2981
0
2724
2981
2724
2827
2981
2724
4040
2724
4041
0
2724
3508
4536
5106
3007
1479
1479
2981
2981
2981
4041
2981
2981
2724
2018
4758
974
2724
4041
2018
2018
2018
2018
2018
2018
1479
2724
0
2724
2724
0
2724
2724
4041
4616
3508
2018
2724
2018
1948
2724
2018
3007
2018
2018
2724
2018
2018
2018
2018
2724
2724
2018
2018
1557
2724
2724
2018
2724
2981
2018
2981
2724
2018
2018
2
3693
1479
4041
2827
0
2981
2724
3007
3693
2018
2724
3007
1479
1376
4041
3693
3693
3693
3007
4041
2827
2018
2981
2981
1948
1565
3007
2981
2981
2981
1854
2724
2724
2981
2724
2981
0
2981
3693
937
937
3007
2828
2981
2981
2981
2
2018
4243
0
3007
2981
2724
4958
4958
4958
2981
1292
2724
2981
4758
2564
2981
2981
2724
2981
3693
2981
3999
5075
2981
2981
0
3007
44
2740
2
2981
2724
0
2981
2981
2981
2981
2981
2981
0
2981
2981
2801
2981
0
2981
4041
2981
2018
2981
2981
2981
0
0
2724
0
2724
3508
3508
0
2724
2724
2981
918
2827
0
2981
2724
0
2827
2981
2018
0
3508
1479
1559
4758
4758
4040
4040
3768
2974
4758
4131
3007
2448
2448
1479
3007
3007
2827
2827
2448
5111
2981
3007
3058
3961
2724
2018
2982
2724
2827
2981
4131
1479
2433
2724
1376
3693
4758
0
4041
2820
2724
2827
2724
2981
2981
2827
0
2981
0
3007
3007
3007
3508
2
0
3508
0
2018
1511
3693
3693
1292
2827
4951
4335
4335
2981
4758
2724
4951
3508
0
0
4041
0
2981
1565
1565
1565
2018
2981
2724
3007
0
3693
2981
0
2981
4701
4041
0
4041
2981
2724
2981
3007
3508
4243
2827
3508
3693
3693
1479
2
2
4041
2018
2018
4041
2724
3
2981
3007
2724
2827
3693
2018
0
3007
0
0
1479
0
2724
2981
3508
3693
2724
2724
2520
2981
2724
2724
2724
1479
0
0
0
2827
0
0
3508
0
3508
0
2981
3508
3693
4243
2724
1479
4041
2981
3693
3508
4758
2018
2
2724
1479
2827
4045
3007
3007
2018
0
2981
2981
2981
4040
0
2981
1557
4131
2724
2981
2981
2981
4827
2981
2724
2724
2724
2827
3508
2827
0
3007
0
0
918
0
0
3508
2724
2724
2981
2827
4143
0
2724
3007
3508
107
0
4616
2724
1479
5075
3783
0
2724
4041
0
4041
0
0
3768
2981
0
0
1764
4758
4335
2827
2724
2981
2724
4041
2
4041
2724
0
4967
1779
3508
0
0
2827
974
0
4967
2724
4041
0
3693
2981
0
2
0
2876
3693
3693
0
0
2448
0
4131
4701
2724
3508
4063
3693
2793
2724
2724
2018
1479
0
3693
2981
4758
2981
0
2724
5042
2448
2981
1376
2981
3007
3007
4131
2827
0
2
0
2827
4045
3007
0
1376
1479
2981
2790
2304
2018
0
2876
0
0
3693
0
2018
1375
0
2827
2724
2018
2724
1376
0
0
2981
2827
0
2724
2981
2828
2724
2827
498
3436
2724
0
2827
0
2981
0
2981
3007
4041
0
2827
2827
2029
2981
5042
2981
2724
4758
2981
2981
0
3508
4041
0
2724
2981
1511
2
1511
2399
2981
2927
0
0
2981
0
3693
1292
4536
3693
0
0
2827
0
2724
2018
2927
3693
0
2981
2981
2827
1292
2981
4040
2981
2981
0
2981
3768
0
918
2981
0
2981
0
4701
0
0
0
2981
2981
2981
2981
2981
0
5028
0
0
2981
2018
0
0
3007
0
1511
4123
0
0
2981
3007
3007
1376
2724
2018
0
1861
2018
0
1511
0
3693
0
2827
4970
1292
0
2724
0
2668
1376
0
2828
0
3693
4970
2981
4970
3007
2828
2828
2828
1292
1479
2724
2828
2981
2
0
2564
1511
0
4701
2981
0
0
2724
2981
2981
0
3693
1376
2981
0
2018
1479
2981
4758
3693
0
4063
3124
0
3508
3693
2724
0
2827
4758
3693
2981
2981
3007
3693
0
2724
2759
2927
2827
0
2981
0
0
3508
2018
2827
1292
2448
2827
2018
3007
2981
0
2828
2668
3007
2724
0
0
0
5111
1779
2981
3693
2
3693
0
2724
2981
0
0
4045
4326
0
2827
3007
3693
2724
3007
0
3007
3693
918
1948
2
2981
3508
3508
3508
0
3508
0
2827
2724
2
2724
3508
2820
2018
3007
2
0
1948
3961
2018
3693
0
5115
2974
3693
0
3508
3693
0
0
3508
2724
2827
5028
3693
3007
5094
2827
2827
4758
1778
2827
3508
1376
1376
3058
2981
2
2876
2724
2724
4966
2724
2724
2981
3007
2724
3007
3693
2724
3007
3007
0
2827
1764
4967
0
2724
3058
2981
2981
2981
2724
4123
2724
3007
1292
0
2
1778
1778
0
2981
4040
4758
0
4966
3508
3891
0
1479
1778
2724
2668
2981
2018
3995
2981
2740
1376
2981
0
2981
4672
4131
2981
4786
2724
2981
2
4123
2029
3693
2981
0
2981
3508
2982
4786
3007
2827
0
0
2981
2724
3101
2981
3508
0
3508
2724
2925
2018
0
5028
2827
2029
1479
0
2724
3007
2
2827
2827
991
2981
3508
3007
2981
3007
0
0
3508
0
0
0
3007
2876
3007
2981
0
2927
3007
0
2724
2724
2
2981
2520
2
3007
3124
2724
918
2
0
4041
2
4041
3693
2827
0
3508
2740
2981
3593
2724
1830
1479
2
3508
3121
2981
3007
2981
0
0
0
2981
0
0
3007
0
3007
1376
2724
0
4045
3007
2
3508
3007
2018
3007
2018
2724
2724
0
0
0
2981
3007
3693
2827
0
0
0
2724
3693
2876
3007
2981
0
2981
2827
2
2827
2029
2981
2981
3007
3007
2018
2
3007
2981
3007
2724
0
3436
3007
0
3007
3007
2981
2724
2981
2827
5111
4758
1778
2981
4123
3693
2981
3058
2981
3101
2981
2018
3693
2
3693
1479
3508
3693
2981
2981
2981
2981
2827
0
2981
3007
3768
2029
2981
3693
1479
2981
3007
2724
1479
2827
0
0
2981
2981
2827
2724
2018
2
2018
3693
2018
2724
2849
4041
0
2448
5035
0
2724
3693
2018
2981
3007
3007
3007
2295
2981
3007
0
3693
2827
2827
4324
0
2828
1816
0
2018
4758
3768
0
0
4758
2827
3693
2827
4041
0
2018
2827
3007
3508
2981
1479
1479
1292
3768
4758
3007
0
0
2981
2740
2981
2981
2981
991
4672
4041
2724
3930
2018
2724
3007
4758
3945
0
2981
1479
3102
2827
3508
3508
2927
2724
918
3693
0
0
1479
0
3007
5030
2
0
2981
3007
0
2827
2724
4758
4786
1559
4176
1479
4960
5042
4041
1825
2724
2520
3124
2448
2018
2981
2981
4786
3508
2982
2982
5028
3124
0
2018
3007
991
1479
2827
918
5035
2981
2724
0
1723
2724
2724
3508
2724
2724
2827
3693
4951
1479
4243
2981
0
0
3508
0
1511
2018
0
3007
2981
3693
3007
3693
2724
2981
2827
0
2724
2724
2981
2724
0
2724
5042
3693
3007
3693
0
0
0
3124
1376
0
0
2724
2018
3693
2827
2724
2018
2914
2018
2981
2981
3768
3768
3768
3508
2981
2668
4587
3007
2724
2981
2981
2981
0
2981
3768
4758
0
0
0
0
2981
5115
4758
4758
1292
4758
2981
2827
2827
4758
0
2981
2981
2018
2827
0
2981
0
2981
1948
0
1948
2981
0
0
0
0
1479
1948
3508
0
0
2018
0
3007
3007
3007
2981
2981
2981
2827
2724
2724
2018
3693
0
3693
0
4758
4758
4758
2724
0
0
0
2724
2724
2724
3508
3508
4951
0
3508
2981
2018
3508
3693
2827
2981
2981
1376
3693
0
2827
3693
0
1779
2724
0
3693
3693
3693
2981
3693
2018
3007
3508
3508
0
2029
2724
2724
3693
3693
0
2981
2724
2018
2724
2981
4758
2981
3693
3007
0
2724
2981
3508
2018
2018
4758
3007
3007
3007
918
1479
2724
3768
0
0
2724
2981
0
4760
2724
2981
2981
2981
2724
2981
2433
2981
2724
2828
3508
5111
4045
2981
2981
3508
2448
2981
4758
2520
0
0
0
1479
2981
2981
2724
2724
3007
2724
2981
2981
2448
2724
2981
2981
0
2981
3007
2981
2981
2981
3693
2759
5042
2981
2981
2981
3693
3508
2981
2981
3508
2827
0
2981
0
4041
0
5028
2018
2668
2724
2981
2981
0
0
2448
3693
4786
2018
2827
1778
2827
2724
2724
2981
0
0
0
0
0
0
1479
2981
0
3508
2
2724
2827
0
2927
2981
2981
3007
3007
2981
3007
0
2981
2724
1816
1816
2
2724
2827
3508
1816
918
918
2981
2981
2981
2981
2981
2981
2981
203
2981
2981
1376
3508
0
2724
4041
2981
1479
0
3508
2018
0
3508
2981
918
3508
3508
918
3508
2981
2724
2724
2981
2724
3508
3693
2981
2981
4041
2827
1376
2724
1479
4758
4966
2018
3007
2981
2827
5112
3693
2981
3693
0
1479
4967
2981
0
2
0
0
2925
0
2827
2981
3148
0
2827
2827
2981
1375
0
2981
4758
3693
4040
3693
0
3693
3693
2018
3007
1764
0
2724
4758
0
3508
3768
3508
4176
2981
2018
2981
2981
2981
3693
2724
2724
2724
2981
2740
0
1479
1376
3693
0
2981
0
5115
2981
2981
3693
0
3693
3693
3508
3124
0
2981
3508
3693
4758
2724
0
2
0
3961
2981
3693
3508
0
2724
2724
0
4335
2304
2981
2981
2981
2981
4951
3007
3007
2724
2981
2981
3007
2724
0
0
2304
0
3693
1190
0
0
2981
2018
2724
2724
0
2724
0
2981
3508
2827
4701
1479
0
0
0
1479
3007
3007
2827
2981
2724
2724
3508
2981
2
2981
1479
3007
1479
2981
498
2
3508
3124
4672
2399
5095
1376
3508
0
2981
1479
1479
1479
2981
1479
2981
2827
1479
4041
0
0
2724
2827
2981
0
4758
2981
0
4758
1479
1479
2018
3961
0
0
3693
0
4041
2018
0
2724
2724
3693
3007
0
2724
2981
2724
2827
2724
2724
0
3693
2759
3508
3508
4041
2018
2724
2724
3508
0
0
0
0
2827
5115
0
2981
2981
2981
2981
2724
2981
1174
918
4041
0
2827
2827
3007
2018
2018
2018
2018
3693
2981
2724
3693
0
0
290
1778
2448
3693
0
1376
2018
2827
2827
2981
3768
2981
0
918
2520
918
0
1292
4123
2018
2018
3961
3961
2724
2724
2018
974
2724
2981
2724
0
3693
0
2724
2981
0
0
2018
2018
2981
2724
203
2018
2724
0
4041
1539
3508
2981
2827
4063
2827
0
3508
3508
2981
2981
2827
0
0
2724
2981
2981
2724
2981
3693
2724
2828
2981
0
0
3007
2927
1810
2724
4672
2981
2981
2981
0
2981
1816
2304
2981
2927
2724
3124
0
2981
3508
0
2827
2724
974
0
2018
4758
1948
1479
2724
4041
3693
0
2828
2981
4045
2724
2827
2724
3124
1376
2981
0
2981
2981
0
0
0
2668
1816
4176
2981
3693
2981
0
2724
2759
2981
3508
0
2724
3693
2827
3508
0
0
1962
0
3693
2724
2724
3508
3693
2724
2018
2981
3693
0
0
3999
2724
1479
2018
4063
2827
5028
1772
4123
2981
4243
0
5076
2981
2827
2724
0
0
2
3508
3508
4041
2724
2724
5028
2827
1479
3693
0
4758
3508
1541
2018
2724
2827
3007
2396
2724
5080
1479
1778
0
2448
4587
2981
3508
2018
0
2
3508
2724
3768
4176
4758
5057
2724
3007
3007
3007
4758
1791
2981
2981
2
2981
2981
2981
3007
2981
2981
2981
3007
2981
2981
2981
0
0
3508
2724
4040
3007
3693
2724
2981
2
3007
3508
3007
0
0
2981
3007
3007
0
3007
1511
2981
2
3
2927
3
4967
2981
1511
3007
2352
2724
3007
3007
3
3007
0
3007
1479
2724
3007
3007
1479
1723
1479
1479
2352
3007
0
1511
2981
4758
2981
2018
3508
0
0
2018
3007
1479
2724
4386
4967
2828
2724
3101
2724
0
4967
3693
2827
3693
3508
1376
3693
3007
2724
3693
3007
2018
0
0
0
3693
2981
2018
2018
3124
0
3508
2295
2295
2981
0
0
2981
4587
2668
2981
3946
0
2018
3693
0
2724
0
2724
3508
3508
2018
0
2724
2981
2981
2724
0
0
0
0
1810
0
3693
3508
3007
3508
3508
2018
2724
2
1479
1479
4335
0
0
3693
3007
4386
0
2827
0
3768
2981
2724
3693
1479
0
2724
3508
0
3007
2018
2724
2724
2018
2724
3693
3007
2981
3508
3508
3508
2724
5115
2724
3693
2724
4758
3007
4176
2724
4263
2724
1479
0
2827
2827
3007
2981
0
1479
1816
0
2724
1479
3508
2827
2827
3007
2724
2827
2018
2018
0
974
3693
0
2981
0
2827
2724
846
0
3508
2018
4176
3508
3508
2724
0
2981
2018
2018
2927
4212
3693
2018
2827
0
2981
3693
0
2827
0
918
3693
3007
2828
2
1479
2981
2018
2724
1479
3693
2981
5028
4758
4041
0
2018
2827
0
2018
918
2724
3436
2827
0
2876
2981
3007
4758
2981
2827
2827
3007
2827
2724
2981
2018
2981
3007
2724
2981
2981
2018
0
2981
3007
3007
2981
0
2724
0
2724
2827
2827
2018
3007
2981
2724
2724
3930
3007
2724
0
0
0
3508
3508
2827
2827
2827
0
1479
2724
3007
3768
3007
2981
3007
4176
1479
3007
3007
2813
0
3007
1778
3007
2724
2018
3007
2827
3007
3508
0
3007
2981
3508
3007
2981
3007
3007
3007
1010
3007
3007
4758
0
2981
4842
3007
3007
3007
2724
0
2981
1479
2981
3007
5076
2981
4045
3007
3102
2981
3508
3124
1479
3508
2981
2018
3693
2018
2724
2981
4758
3007
2981
2981
1292
3007
3007
2790
2790
2981
2827
0
1854
3007
3007
2018
1479
2981
2981
2724
1479
4955
3508
2981
2981
3693
2981
2724
3007
3508
1541
1799
0
3007
0
3508
2981
3007
2981
1376
2981
2981
2451
3007
2724
2018
2981
2981
3007
0
2790
2018
3436
2981
2018
1799
2981
5019
0
0
2981
2981
0
918
0
2981
0
2018
2448
2981
1479
0
2724
0
0
0
0
0
2399
0
0
2981
0
0
0
0
0
0
3007
4324
498
2827
0
2724
0
0
4955
0
2981
2724
2304
2981
2981
498
2981
0
0
2981
0
2981
2981
2981
0
2724
4951
4951
0
2724
0
0
3007
3007
2018
2724
2828
0
4827
2018
2981
0
5076
0
4041
498
2981
2925
2724
4955
5076
0
0
0
2927
0
1479
0
0
0
4758
2981
0
2724
0
1283
0
1283
2724
1479
3508
0
2981
3508
4041
0
498
1711
4956
0
3508
2724
0
2981
2981
498
0
3007
3007
0
3007
1479
2981
2981
2018
0
2981
2981
2981
2981
2981
2981
0
3007
3007
3007
2724
3999
0
0
2724
1948
2724
0
3508
3007
0
0
2981
498
3508
3007
0
3007
3007
2724
1479
290
3007
0
2724
2981
918
2981
2724
2981
3007
1549
2018
4758
2981
1376
1376
3007
3007
3007
0
2914
3508
3007
3007
2018
2018
4041
2724
2018
2724
3508
0
1861
2981
2018
0
1376
2018
2827
1376
3007
4967
4041
2981
0
4758
4616
3007
2981
4758
2981
3007
2981
2981
2981
0
0
2981
2981
2981
0
2981
2981
2759
2018
2018
2927
2827
2724
0
0
0
3693
2018
0
0
0
2724
0
4587
0
4749
4749
2
3693
1778
0
2668
0
2724
2981
2724
3693
2520
3508
4960
0
2981
2018
4758
4123
5028
3508
0
3007
2876
0
2827
2
2724
2018
0
0
2
0
1479
0
3693
3
2925
2724
1479
3007
1479
3007
0
2018
2018
0
3508
2827
0
3007
2724
0
2724
1479
2981
2018
2724
4243
0
2724
2724
0
2827
3007
3007
3007
1376
3007
3007
0
2981
3007
918
2981
1479
3007
0
2724
2724
3693
2724
2724
3693
2876
4958
2724
2724
0
2981
5035
0
0
0
2827
0
0
0
0
0
1479
2724
2019
3007
1479
0
1778
0
0
2
1479
2564
0
2018
2827
2981
0
5028
2828
2724
3693
0
0
0
2805
0
0
3007
3007
1479
1569
107
0
2981
1479
3007
3007
498
1376
1376
3508
2827
1557
0
0
0
1479
1479
1479
3508
2827
3007
2724
2827
2724
3693
2724
0
5042
2805
918
0
1376
2927
2981
2724
1376
2982
2827
2981
2018
4672
918
