2981
2981
2981
2
3007
3693
3007
4758
3007
3693
2724
3007
4967
2981
3508
3508
5057
2981
3007
3007
4967
3007
4758
3007
3007
3007
4949
3007
3007
4041
3007
2849
2981
3693
3007
2981
2724
3693
2981
2724
2981
2724
2724
3693
3768
2724
2981
2724
2724
2827
2018
4041
3693
1488
2724
3007
2724
2981
2520
3007
2724
2981
2724
4041
4040
2018
2981
2981
3007
3007
3007
3007
3007
3007
3007
2981
2981
2981
3007
3007
2724
2981
3007
3007
3007
2724
2724
2724
2981
2813
3508
4758
3007
3058
3007
1909
3
3007
2981
2724
3007
2724
2724
2724
3007
3007
4040
3007
5095
4758
3007
3007
3007
5042
3693
3007
3007
3007
2790
3007
4720
3007
3007
3693
3007
3007
3007
3007
4041
3007
3007
3007
3007
3007
3007
3007
3007
3007
4335
2981
3007
3007
3007
3508
4041
3007
2876
4040
3007
3693
3007
3768
1376
0
3693
3007
3007
3999
2981
3007
3007
0
3007
4041
3007
3693
3007
3007
3508
3007
3007
2876
3007
1830
3007
2876
3768
1376
3508
3018
3007
4758
4758
3007
3
3007
3007
3007
3007
3693
3007
3007
3007
1376
3693
4758
3007
4786
2981
1376
3007
1479
2
2448
2724
2981
2981
2724
2724
2724
2724
1799
2981
4041
2724
2724
2724
3007
5095
4786
2018
3768
2724
2724
2724
2724
3007
2399
2018
2981
2724
1479
2827
4955
2981
2981
2724
1479
1479
2724
2018
2981
2827
2018
2018
2981
2981
2827
4758
2981
1376
3
3508
4041
2724
2981
2724
2724
2724
2724
2981
4143
4955
3508
4758
1479
3508
3998
1479
2724
3693
1479
2981
3961
2981
2981
2724
3693
2981
3693
2724
2836
2981
3007
2981
3768
1479
2981
2724
2981
2981
2981
2981
2762
2981
2724
2827
2981
2981
2981
2981
4758
2724
2018
4758
2876
2018
2981
2981
2981
2981
3007
3007
2981
2981
2724
1376
2981
3995
1479
2724
3693
2981
3007
2981
2981
2981
4786
2
3693
2982
2981
2724
3693
2018
2724
2827
4967
2724
2018
2724
2018
3007
2827
3508
3508
2827
3693
4758
1479
2981
2018
3508
2827
2018
3693
1479
4758
2018
3508
4040
2724
3007
2018
3768
2724
3007
3693
2018
3693
2724
2724
3007
3124
1963
2724
4961
4041
5042
3124
2981
3508
2981
2724
3007
0
3007
0
2981
3693
2724
2981
2724
3508
3007
2827
2724
2827
3508
2981
3007
1479
3693
3693
2827
3693
3693
2981
3930
3508
2724
3508
2018
4123
2724
3693
2981
4143
1479
2018
2724
5095
3693
2724
4758
2981
2448
2018
2981
2724
2724
2981
2981
4955
2981
3007
2724
4040
2724
2724
3693
2724
4040
2981
3007
2018
3995
2724
2724
3995
2981
1479
2724
2981
4758
3007
2925
2981
2724
2981
2981
2827
4123
3508
0
2827
4123
3693
2981
2981
0
2
3995
5028
1559
2981
2724
2982
2981
2724
3508
2981
2724
2724
2724
2981
2981
2724
2724
2724
3508
2724
2981
2724
2724
2981
2981
3007
498
3693
2724
2724
2981
3
2981
2981
1479
1479
0
2724
1479
4786
4587
2982
2724
1479
2724
2982
4786
2981
2724
2724
2827
5078
2724
2981
4955
3693
2724
3508
2018
3007
2724
0
2724
2827
3693
2724
498
2981
2981
3098
2981
2981
2724
2724
2981
4955
2827
498
4536
3693
2981
3007
2724
4041
2827
0
2724
2981
2981
2724
3961
3693
2018
3007
4758
498
498
2724
3693
3007
2
3693
5095
3693
2724
3693
3007
498
3007
498
3693
3693
3007
3693
4786
2724
2570
2724
4786
2981
5042
2981
2724
2018
1479
2981
3693
3693
2
3693
3007
2981
498
2724
3693
3508
3007
2981
2018
4040
3508
3508
2981
2981
2827
2827
1376
2724
2724
2827
3693
5028
2724
2827
4143
3768
2724
3693
3007
4758
3693
2981
0
2018
2724
3007
2827
2981
3007
2018
3007
2724
3007
3508
2981
2827
2981
2724
1479
3007
498
2724
4758
4758
2724
2018
498
2981
0
3007
0
2724
3007
2724
3007
2981
2981
2339
2018
2981
2018
2724
3768
2724
4041
2724
3693
498
3007
3693
2981
3693
2018
4041
5028
2724
2724
1376
2724
3693
3693
498
3508
3508
3961
3693
3693
3693
2
2
3693
2981
4041
3693
2981
2724
2
1479
3693
2981
2981
2724
3508
498
3508
3007
2981
3007
3007
498
498
2827
1479
2724
2724
2981
2981
1376
3961
3961
3961
2981
3007
3508
3007
3007
2981
2724
2827
4040
2724
2724
3693
2018
3007
2018
3693
1479
4786
3693
2724
2981
1479
2982
3693
2981
2724
2724
3693
2018
2018
2018
2018
4758
2827
2018
4041
498
2981
2668
1479
2925
2018
5042
2018
498
2
1479
2827
4041
2981
498
2018
2981
2724
1479
498
2724
2018
3693
3508
2827
2827
2724
2724
2724
1479
1479
3693
3007
2827
2724
2724
2018
5028
2981
2724
3693
3
2724
3508
2724
2724
2981
3693
3007
918
918
918
3508
3693
2827
2981
3124
3693
2981
2981
2724
2981
4955
2724
3508
2724
3869
0
2836
1479
2981
2724
2981
2981
2981
3007
2981
2981
2981
3007
2981
2724
3007
3508
2724
2724
2724
2981
2981
2827
2981
2724
2724
4536
3508
3124
1479
2724
3124
2018
2827
1479
3693
3007
2981
3121
3007
4041
3007
2724
2827
2827
2827
2836
2827
2827
2827
2724
2018
2724
2724
2724
2018
2724
2724
2724
2724
4672
2724
2724
2981
2
2
2981
2295
2790
2018
0
4955
2981
3693
2724
3
2827
3007
2981
2724
2018
4955
0
2724
2724
2018
2724
4041
2018
2724
2018
2724
2396
4143
3508
2570
2981
2981
2724
1479
2018
2018
2
2018
2981
2
5095
2981
4955
3007
3768
1190
2724
2724
2827
2925
2981
3961
2981
2018
2018
2724
2827
1479
3007
3007
3007
2018
2724
1479
2018
2018
2724
2018
498
3508
2981
3508
2018
2981
498
2724
2981
3007
2981
2018
2724
4041
2448
2827
2
2
5115
2018
3508
4786
3007
2724
4041
2857
2857
2724
2018
2018
4536
4758
498
498
498
3007
3007
3007
3693
2981
3007
2018
3007
3007
1479
2724
2827
2981
2724
2018
3007
2018
2827
3007
3693
498
4758
4758
2018
2981
2981
2724
3930
2724
2981
2448
2448
2981
498
1559
4758
2724
2981
3508
2827
2018
2827
2448
3809
2724
2925
2724
498
3007
498
3007
3007
2
3007
498
2827
3007
3007
2981
2981
3007
2724
3007
3007
2981
2981
1479
3007
2445
2827
3007
3
2836
2724
2981
2724
2724
2724
3007
3693
1190
3007
4758
3693
3007
498
2981
3007
498
2018
3007
3007
3007
3007
3007
3007
2724
3007
3007
2724
2981
5028
3007
498
2
2827
3007
2724
2724
4041
2827
2724
2724
4955
2925
2724
5120
1479
2981
2981
3508
2724
3508
3007
2827
2724
3007
2981
2724
2018
2520
2981
2018
2018
2724
3007
2018
3007
2836
3007
4040
3007
2724
2724
2836
4758
3508
4041
3007
2981
4041
2448
3007
2836
2981
1479
1376
2724
498
2724
2724
498
5035
4040
2724
2981
1479
3007
2018
5042
2981
4123
3007
2981
1190
2981
1376
2981
2724
2724
4536
3007
3007
2981
4040
2981
3693
3007
2018
2981
2018
2724
3007
2981
4786
2981
2981
2724
4758
2827
1479
2981
1479
2018
2981
2724
4041
2827
3693
2981
2981
2724
1778
3508
3007
2724
4536
2
3693
2981
3007
2724
1376
2724
2981
2981
2724
5042
3508
2724
1479
5028
4758
2981
3007
3508
2018
3007
3007
1479
5028
4758
2981
0
2018
2018
3693
4041
1778
2827
3007
2981
1479
2724
3007
3007
3007
2018
2981
1479
2981
3508
2981
1479
2981
2724
2981
2827
3007
2981
3007
498
2724
2981
2724
4041
974
2827
2018
4760
5028
3508
1479
2520
2018
2724
1479
3007
3007
2724
498
3508
4955
4758
4040
2981
4758
2724
3693
2981
2827
4040
3693
918
2827
3999
2724
4758
2724
2981
2981
4041
2981
3508
2981
2836
2396
2981
3693
3693
2981
2724
2981
2981
2724
3508
2724
2827
2981
4758
2981
2827
2724
4758
2836
3007
2981
2724
952
2724
2827
3693
2018
2
2981
2724
2981
2018
3693
3007
2535
4958
2724
2981
2981
2981
3007
1854
974
2827
2018
2827
498
2724
2981
2981
3007
3007
2724
2827
2724
2724
2981
974
2724
2724
2018
2981
3007
2981
2981
3007
3007
2018
5095
2981
1479
2018
3007
2827
4760
5095
2981
3007
3007
2981
4041
3007
2981
2981
3007
4758
1479
2724
4041
1825
2981
2981
107
1825
2724
3018
2981
4953
2981
3007
2018
2304
4967
3007
3007
1479
2018
2724
3007
2724
2724
2981
2724
2981
2827
3007
4041
2724
1909
4040
2981
2981
2724
4758
3007
3007
4758
4758
2981
2981
2018
3007
2724
2981
3007
2981
1479
5102
3007
2018
3693
3007
2724
2724
3007
2827
2827
3007
3007
3007
2018
2827
2790
2981
2724
2981
2724
2827
3007
2981
2018
2981
2724
4786
3693
2981
2724
2981
3693
2724
2724
2724
3007
3007
2018
3693
2724
1553
2724
0
3436
3
2981
4041
3
2724
3693
2724
3
4758
4758
3508
2018
2520
498
3007
3768
3007
3693
2018
2018
3007
2448
3693
3007
2018
2724
2827
2981
3007
2981
2724
2981
3007
2724
2018
3007
2981
2018
4786
2018
3693
2018
3693
2724
4758
2724
2018
2018
3007
4123
2724
2981
3508
2724
2981
2981
2981
2018
2448
2981
2981
2981
4758
2981
2724
1479
2018
3768
3007
2018
2981
2981
3007
1778
3007
2018
2981
2981
3999
2981
1479
5111
2724
1479
3007
2827
2724
3693
3693
2724
2724
4966
4041
2876
3693
4758
4758
2981
2981
3693
3693
0
3693
3007
2724
3999
2981
3007
2981
3007
498
2018
4955
2724
2724
1479
498
3693
3693
2724
1174
2981
3007
2724
2724
1795
5095
4786
3999
4045
3007
1909
1511
2981
1376
2836
1778
1479
1479
2981
2018
2724
3508
0
4949
3007
2724
3508
2724
2724
1479
2981
2981
2570
2724
2981
2981
3999
2827
2827
3508
5028
498
2724
2827
2981
3508
3508
4758
2981
3007
2981
2724
1479
5115
2981
3693
2981
4758
3007
2981
2724
3007
4786
1479
2668
2520
918
4243
2724
498
2981
2
2981
2827
2724
2724
1479
2981
2724
4758
2724
2724
1376
3693
3508
2724
3693
2981
0
3007
3007
2724
2981
2304
2724
2836
3007
3007
2827
3007
4243
3007
2981
2981
498
4041
3007
2
2827
3007
498
4949
0
0
1479
2018
0
4758
2981
3007
3007
2981
3007
1479
3007
2724
2724
2981
2981
3007
498
5095
498
3693
2981
3007
2981
1479
3693
2981
3007
2520
2724
1376
2981
2724
2724
2827
2981
2018
2018
3508
1479
3007
3693
2724
3768
3058
3693
3693
1376
1376
1376
3007
3
4040
3007
5106
2018
3508
4243
974
2724
4041
3508
2018
2018
4758
4967
3693
2981
4758
2724
3508
3508
5095
5111
4955
3508
2827
3508
3693
2018
3007
2827
3
2981
2724
4955
2724
2724
2724
2981
3007
2724
2724
2827
2724
2018
2724
4967
2724
3693
2724
2724
1479
2981
498
2981
2724
2981
2981
2724
3007
2981
2724
2724
2981
3508
3007
4958
2981
2018
1010
2981
2724
4040
2724
4825
2724
2724
2827
5028
3693
3768
498
498
2724
3508
1376
2981
2724
2827
3124
3508
918
3508
3
918
3508
2724
3693
3508
2724
2793
3693
2724
3508
2724
1479
2724
2981
2981
3693
3693
3693
3693
3693
2981
2724
2724
5094
3693
3693
3693
3693
3508
2724
2981
498
3508
2724
3693
1376
498
3693
2981
3693
2724
2981
3508
2
2981
2018
2827
2981
2724
4040
3693
3693
2925
2827
2981
2580
2724
3007
3768
1479
3693
1479
1376
3693
2724
2724
2
3693
4041
3693
2
2
2
2
3693
2
2018
2
2981
2981
2724
2827
4587
1479
2724
3693
1376
2981
3693
3693
2981
3693
2724
498
3693
2018
2827
2981
3508
2724
2724
2724
2724
2018
2724
2724
2827
2724
2827
2827
2981
3007
2981
3508
2724
5102
3693
2724
2018
2981
4955
1376
2724
3508
3508
2827
2724
974
4143
3007
2724
2018
3508
2981
2981
2981
2827
2827
3693
2827
2018
2018
4758
3693
3768
1479
2827
1909
4040
2827
2827
2827
2827
2724
3693
3693
4041
3693
2827
2981
2724
2981
2451
2451
3508
2981
2827
3693
2827
498
2827
3508
2724
2018
2981
3007
2981
4040
2724
2724
2981
2981
4749
2981
3693
4243
2981
974
4786
3693
4326
3007
498
1376
2849
4786
2981
3058
2724
1190
3693
2724
2981
2018
2018
2981
3693
3007
2827
3768
2981
2724
1479
2018
5042
2981
2724
2018
2018
4536
1963
0
2981
1825
2981
2724
2724
3693
3693
0
2981
1825
2981
2018
3508
2724
2724
3508
3508
2981
3007
3508
4758
2724
2724
2724
2981
2857
3007
1795
4672
4960
2724
2724
2724
4672
2724
2981
2724
2724
0
2018
3508
4672
2724
2724
937
937
2724
3693
2668
0
4123
2981
2981
2724
2981
5115
3693
4758
4243
2981
937
2916
0
3508
2790
2827
3693
3508
3508
918
2724
3693
2827
4040
2981
2724
498
2724
2981
3508
2827
3508
2981
0
2981
2981
2981
2724
3999
1479
1479
2981
2018
2981
3930
3930
5120
2580
4955
0
3693
2827
3508
3693
1205
2981
3007
3995
3995
3508
2018
2018
2724
2724
2724
2981
2724
2724
1795
2981
2981
2724
2724
1376
3693
2724
2018
4758
2981
4123
2981
3007
2724
2724
3007
2724
5095
3007
2981
2827
3007
2981
3995
2
3508
3508
1376
3508
3693
4041
3693
1488
3508
2018
3693
2018
2827
498
2724
3007
4243
3961
2827
1373
4041
2018
2018
3693
2827
3007
3693
2724
3693
2724
3007
3693
1376
2981
2981
3007
3007
3007
2
2
2
3883
3693
2724
2724
2724
2765
2827
2827
2827
2724
2724
2981
3007
2303
2981
2724
4758
4758
2981
2981
4758
2981
4958
2724
2724
2724
2724
2724
2724
0
2724
2724
1479
1479
3
0
2018
2981
2981
2981
2724
2827
3508
2724
0
5095
2827
3007
0
3693
4587
3693
2981
3508
2724
4949
3508
4951
2724
2724
2981
2981
2981
4041
2981
2981
3007
4041
3693
1190
2
4326
2981
2981
1376
1205
2724
498
498
2724
3007
1376
4041
2724
498
2724
2018
2724
2981
2981
4041
3007
2827
918
3508
3693
1479
918
3508
3007
4758
3693
3961
5028
3007
5112
3007
2724
2018
2724
2
3007
1963
2
498
2827
2724
2827
3508
3508
3508
3508
3508
0
498
2827
498
2
2724
1376
498
498
3007
2981
498
2827
3508
2981
2018
2827
4616
3693
3693
3508
3508
498
4955
5028
3693
5042
0
2724
1479
2018
5111
1479
2724
2724
3007
1479
2396
2724
4786
3007
2827
2724
3
2724
3
4786
2570
3007
0
4786
4951
498
498
4955
2981
2982
498
5028
2668
2018
3508
3693
3007
2339
5028
2018
2018
3693
2
2827
498
2981
1479
1479
3508
2724
918
3693
5028
498
2981
2724
2
2724
4786
3693
498
2018
498
3007
2724
2827
2724
3693
2724
3007
3807
3693
498
4966
4672
2724
2981
2981
2724
498
0
498
2981
498
2981
0
2981
1479
4243
3
3508
498
3007
1479
4041
3508
2448
918
1479
918
918
3007
918
4041
1479
2724
3508
2827
2724
2724
2827
498
3007
2981
3007
3693
2981
2981
2981
2981
2981
3007
3508
5028
2981
3007
3007
3508
3007
3007
2981
2981
498
2981
2981
2981
3508
4758
3007
2981
5106
2981
3007
2981
2981
3007
4758
2827
2981
2981
2981
2827
2724
2827
2827
2827
2018
1479
2827
2981
2981
2981
2827
2827
2981
2827
3007
2827
2827
5028
2018
2981
2981
2981
2981
2981
2981
2981
2827
2981
3007
3007
3007
3007
3007
3007
3007
2981
2981
2981
498
3693
3007
2981
2981
2981
3007
3007
2981
1376
1479
2981
2981
2018
1376
2018
1479
2018
2981
2981
3693
3007
3007
3693
2981
2981
2108
4758
2981
2981
3007
2981
498
3007
3007
2981
2981
3007
3007
4758
2981
4955
3007
1479
2981
3693
2981
5028
2981
2981
2981
2981
3007
2724
0
2981
2981
2790
2981
1373
1479
2981
498
0
2724
0
2981
2981
2981
2724
498
2827
2981
2724
2827
2827
4786
2981
3
3
1479
2981
2724
2724
4263
0
1797
2724
2724
2018
2724
3693
3
3508
3007
2724
2724
3
3007
1797
3693
0
918
4041
4041
1479
2724
4123
2724
498
0
2724
3508
4123
967
2981
3
1479
1479
2981
2981
498
2981
3508
3508
3007
498
2981
2981
2981
2981
1376
3007
1376
3007
3007
4960
3007
3
4758
3508
2724
3
2981
2981
3693
0
3508
2
2
498
2981
1479
2981
5076
3007
2981
3693
3693
0
0
2981
2981
2724
3961
2981
2981
3007
3007
4041
4684
2981
2827
1479
1479
3693
5028
2668
3007
2724
2981
2981
2981
3007
3693
1479
3007
1479
3693
2981
2981
1799
3007
2981
4786
2827
1479
2981
2724
0
5095
4949
4949
2981
2018
4758
3768
3508
3508
5042
3768
2981
2448
1174
3693
2981
2981
2836
2724
2724
2981
2836
2981
2981
2981
4758
2981
2981
3007
2981
2876
2724
2981
3007
3007
3007
3007
3007
3007
918
2981
4758
2981
2981
3007
1479
2981
2836
4040
3007
4758
2724
4040
3007
3007
3007
3007
3007
3007
3007
5042
4786
4040
4955
0
2724
2724
2520
2982
2790
2724
2724
2724
2724
3007
4040
3693
2981
2981
2981
2724
2981
2981
2981
2981
2981
2981
2981
2981
2981
3007
2981
2981
2981
4956
4956
2981
3124
2
1479
3693
4040
4040
4040
2724
2981
2981
2981
3007
2981
4758
2981
2981
4758
2981
2981
2724
2981
2724
2981
4758
498
2981
2981
2724
2981
4041
2981
2981
2981
2981
4758
2981
2981
2981
2981
2981
2981
2981
2981
2981
4040
2981
2724
3007
3508
2981
2724
498
2724
3007
2981
3508
3768
2981
1479
2981
3007
3018
2981
3995
498
3007
2981
2981
3007
4041
2981
3693
3
3007
3007
3007
3007
2724
3508
3508
2018
2981
2981
2018
2981
2724
2981
2724
2981
2827
2724
2981
3007
3508
3007
3007
3693
3007
3007
2981
2981
2724
2981
2981
2981
4040
2981
2981
2981
2981
3007
2981
2981
3007
3007
3007
2981
2981
2827
2981
3508
2724
2981
2981
2981
2724
2981
2981
2981
2981
2981
3693
2981
2724
2981
2981
2981
2981
2981
2724
2724
2724
2724
2724
2724
2724
2981
1376
1376
2018
2981
2981
0
0
1797
3007
3007
2724
3007
1479
1479
1479
1479
3007
3007
4041
3007
3693
2724
2981
0
4955
3007
3007
3007
3007
2981
2981
2793
2981
3007
2981
3007
2981
2981
3007
2981
2981
2981
2981
3007
2981
3007
3007
2981
2981
2981
2981
3007
2981
2981
2981
2981
2981
2981
2981
2981
3007
2981
2724
2981
2451
2981
2981
2981
0
3018
5095
498
1795
2981
1479
1778
1799
3007
2981
2981
2981
3508
3508
2724
3508
0
2724
3508
2724
2724
2981
918
2981
3693
2981
2981
2981
3007
2981
3007
2981
2981
3508
1557
2724
2724
3007
2724
3508
4123
498
4786
2981
4386
203
2981
2724
0
3007
3007
2724
3508
2981
3007
1479
4955
2981
3508
3508
3007
3007
2018
4955
1479
3007
1479
5042
2724
2981
3007
2827
3007
3007
2
5111
2520
5111
2981
4758
3007
2981
4758
2827
2981
3508
3007
4958
1376
2724
2981
2981
3007
3783
2981
3693
0
3007
2981
2981
2981
2981
2981
2981
2981
2981
2981
3007
1479
2762
2724
2445
2981
2724
3007
4041
2846
3007
3007
3508
3007
4758
3508
3508
3007
4758
4684
3007
2981
3693
2981
3995
2724
2981
3007
3007
2827
1479
2981
3007
3007
3007
3007
3007
3007
3508
2827
3693
2981
3995
3995
3693
3995
3995
1376
1376
2724
2724
2724
2724
2981
4758
2981
4041
2981
2724
2724
4041
1825
3693
0
2724
2724
2724
4758
2981
4758
2981
2018
2018
2981
2981
2724
2018
0
2981
2981
2981
4758
2724
2724
3883
3961
5076
2981
0
2981
4758
2981
1479
3007
952
2981
3693
3693
2981
3508
3693
2981
3693
3693
2724
2981
2981
1376
4040
4758
2981
2981
2724
3007
2724
3007
2018
3768
3693
3693
3693
3693
2981
1479
5102
498
2981
3007
3961
3007
3007
3007
3007
2981
2981
2981
4961
2981
2981
3007
2724
2724
2981
2981
3007
3693
3693
3693
2724
3693
2981
0
2981
1479
2981
4960
4960
4960
4960
2724
4960
4960
2724
2981
2981
2724
2724
4953
2724
2876
1479
1376
4786
2724
3508
3508
2981
2981
2827
3508
3693
3961
2724
2981
2981
918
918
2724
918
2981
3693
2981
2981
2981
2724
2724
918
2981
2981
498
2981
3693
1376
3007
2724
1376
3007
3508
3007
2981
3693
2981
2724
2018
2724
2981
2018
4040
2981
3007
2981
2724
3508
4041
4041
2724
2981
4041
2981
0
0
498
4041
4041
5130
2724
3007
2724
2981
2981
2981
3007
2981
2981
4758
2857
4758
2724
2724
2981
3693
3007
2724
3007
0
4758
2018
2981
1376
2981
2981
2724
2724
1376
1479
2981
2981
2981
2981
2018
2981
4041
4953
3007
5115
2724
2724
2724
2981
2724
3995
2724
2981
2724
2724
4040
2981
2981
1479
4040
0
1479
4758
3693
498
2849
3007
0
3007
0
2849
4956
2724
1479
1479
3508
3007
2
2925
3199
4786
4041
1010
4616
2724
4616
3693
2724
2018
2981
2018
2018
4041
2445
1479
1479
2724
2925
5115
2724
2724
3961
4143
3693
2981
2724
2
2445
4758
1479
1376
498
2724
2399
2724
1205
4040
1479
4955
3508
498
4955
3508
4786
4040
2981
4954
3508
2018
4758
4758
3007
2981
4758
3007
0
3007
498
3508
2724
3508
1479
3508
0
4758
3693
2724
1795
2981
3693
2827
4949
3007
4958
3007
4758
2724
2724
3007
498
2724
2981
3693
3693
3693
3693
4040
3508
2981
3508
2724
2724
3508
3007
4040
2981
3007
2981
2981
2981
2981
3508
2827
3508
2724
3508
2724
4123
3007
2981
2724
4786
1479
2724
1479
2724
4041
1479
2724
2724
2981
1479
2724
2724
2981
3007
3007
3508
4040
2981
2
2981
3768
3007
4758
3508
2018
3007
4758
1479
3693
4758
2981
3508
3693
2724
2724
2981
4758
2724
2981
2827
2724
1376
2981
1779
4758
3007
3508
2
3508
3693
2018
2981
3007
3693
1376
2981
3007
3007
2724
2981
4758
2724
2981
4041
2018
498
4951
2981
3693
2981
3508
2827
2724
2827
3508
2981
2981
2018
1479
3693
2018
498
4758
2981
2981
3508
2724
2981
974
2981
2981
2724
2981
2671
1479
1479
2981
2
4758
2
2981
4958
3508
2981
4955
3693
2981
2981
1778
4956
4758
2981
5120
2724
1479
2981
2
2
3693
2303
2724
2
3508
2981
2724
2981
4758
2724
2724
2827
2981
2981
2724
2981
2981
2981
1376
3693
3508
967
2724
1479
2981
4955
2724
2724
2981
2018
2724
2981
3693
3693
2981
203
2981
2724
2724
4041
3124
2981
2724
2018
2724
2981
4758
2981
2981
3945
2981
2981
0
2724
1479
2981
2981
2981
3693
2827
498
2126
4040
1799
2981
3
2857
2724
3693
4758
2724
2981
4758
2981
4758
4045
5042
1479
1479
4041
2724
4967
918
4758
2981
1479
3508
2827
0
2981
2981
2981
2981
2981
967
2981
2724
1479
1479
3
1479
1376
3
2981
2981
2981
1479
2724
2724
3693
2876
3693
4758
4758
2724
2981
2724
4958
2724
2981
2981
2981
2981
3693
2981
2981
974
4041
2981
2981
2981
2724
2981
2724
2724
3007
2981
2981
2981
4786
5115
2981
2981
4967
3693
4041
4758
4758
3007
2981
2981
3693
3
2
2981
2724
3508
2981
2981
498
3693
2018
1479
2981
2724
2827
2981
2981
4970
2724
2981
3693
2724
2981
2981
4758
2981
4041
2724
2827
2724
4958
2981
2981
2981
3693
4758
2981
2018
3693
4041
3007
3693
3508
2724
3508
4684
2724
3693
3693
2724
0
3999
4040
2981
2724
2724
2981
4951
3508
2724
3693
2724
3508
3693
2724
2724
3693
2724
4326
3693
2724
1778
3508
2981
2724
2981
2724
2724
2724
918
937
1479
2724
3508
4040
1778
2981
2018
2724
2724
4967
4045
2724
2724
2981
2724
2724
2724
3508
4786
4967
2724
3693
3693
3508
2981
3693
3693
3508
3508
3508
3508
3508
3508
4967
2
5
2
4955
4786
4786
2981
2724
498
498
498
498
498
3508
3693
498
2724
2724
3693
2724
2724
2018
3693
2981
4967
974
2724
3508
3693
3508
3693
3693
2724
3693
3693
2724
3693
3436
3693
1479
2981
2724
3693
2724
3508
2018
2981
1479
2724
2981
2981
2981
2724
2981
4758
3508
3508
2724
2724
2724
2399
2724
4040
2981
2981
2724
2018
2981
1479
1479
2981
1479
2981
4758
3768
3007
3007
2981
1479
2724
3508
498
3508
2724
2724
2724
2029
2018
3693
3007
3007
3007
1479
2724
498
3007
2724
2981
2827
2724
2
2029
2827
2724
3508
4786
3508
3693
2018
2827
2399
3508
2981
3693
2
3693
2876
2724
2981
4041
2724
3007
4123
2981
3007
2981
2399
4758
3018
2724
2724
2981
2981
4040
2981
4041
3007
3693
2981
4758
2724
2981
2981
2724
2724
2724
0
4041
2981
2981
2433
2790
4041
2981
1830
4672
3508
2724
2724
4041
2981
2724
2724
5095
2724
3693
2981
4626
3693
2018
2018
2724
2396
2981
2
2827
4041
3508
3508
2827
918
2981
4041
2981
2981
2981
2981
4041
2
2827
5095
4758
3007
2724
2981
2981
1479
2018
2018
2724
3508
3508
3693
4040
498
498
2981
2724
2981
2981
2981
2981
2981
2981
2981
1479
2981
3693
3807
1479
2981
1205
2981
2916
3007
2981
3508
2724
203
2981
498
2827
2018
3007
2981
1479
2981
3007
2827
2724
4123
4953
1909
3007
2724
2981
498
2724
2981
2724
2827
2981
2724
4040
2724
4041
2448
2724
2018
4536
4786
3007
2018
2981
2981
2981
2981
4041
2981
2981
2724
2018
2981
974
4041
4041
2018
2018
2018
2018
2018
2018
1479
2018
3995
2018
2724
2724
2724
2724
4041
4041
3508
2018
2724
2018
2981
2724
2018
3007
2018
2018
2018
2018
2018
2018
2018
2724
2724
2018
2018
2724
2724
2724
2018
2724
3007
2018
3007
2724
2018
2018
3508
3693
1479
4041
2724
5111
3007
2724
2981
3693
2018
2836
3007
2981
2018
4041
3693
3693
3693
3007
2724
2724
2724
2981
2981
2981
2448
3007
2981
2981
2981
1854
2724
2724
2981
2724
2981
3693
2981
3693
5057
2
2981
4966
2981
2981
2981
974
2018
2724
2724
3007
2981
2724
4958
4786
4958
2981
4041
4040
2981
4758
4041
2981
2981
2724
3007
3693
3007
1795
5028
2981
2981
1778
3007
4536
2603
4536
2981
2724
2724
2981
2981
2981
2981
2981
2981
498
2981
2981
4758
2981
498
3007
4041
2981
2018
2981
2981
3007
1479
498
2724
2981
2724
2724
3508
3693
2724
2724
2981
2981
2827
498
2981
2724
3693
2827
2981
2018
3693
3508
1479
2974
4758
4758
4040
4040
3768
1205
4758
3768
2981
4758
4758
4041
3007
3007
2827
2827
4758
5111
3007
3007
4041
3693
2724
2018
2982
2724
2827
2981
1479
1479
4758
2724
1376
3693
4758
3508
4041
1797
2724
2827
2724
2981
2981
2827
2724
3058
3508
3007
3007
3007
3508
2724
498
3
498
2018
4041
3693
3693
2724
2827
4040
2399
4041
2981
4758
2724
2849
3508
3693
3693
4041
974
2981
4040
3995
4040
2018
2981
2724
3007
3995
3693
2981
1479
2981
2925
4040
1376
4041
2981
4040
2981
3007
3508
3436
2827
3508
3693
3693
2982
4536
2018
4041
2018
2018
4041
2724
3
2981
3007
2724
2827
4040
2724
3508
3007
2982
2724
1479
2982
2724
2981
3508
3693
2724
2724
4786
3007
2724
2724
4040
1479
3508
3693
498
2827
498
0
2724
0
3693
2981
2981
3508
3693
4243
2724
1479
4041
2981
3693
2724
4758
2018
1479
2724
2982
2827
3995
3007
3007
2018
0
2981
2981
2981
4040
2018
2981
2849
2981
2724
2981
2981
2981
3693
2981
2724
2724
2724
2827
3508
2827
5111
3007
3124
2724
918
2448
498
3508
2724
2724
2981
2827
4143
0
4040
3007
3508
107
3508
4958
2724
1479
4825
3783
0
2724
4041
4842
4041
3508
2724
1479
2981
2724
2018
1764
4758
4335
2827
2724
2981
2724
4041
4121
4041
2724
5028
4967
1779
2724
498
498
2827
974
974
4967
2724
4041
2724
3693
2981
3508
3
4143
3693
3693
3693
498
3693
4758
498
1479
4760
2724
3508
4243
3693
4758
2724
2724
2018
1479
498
3693
2981
2981
2981
0
2724
5042
2981
2981
1376
2981
3007
3007
4758
2827
498
1557
498
2724
4045
3007
0
2981
2981
2981
2790
2981
2018
974
3693
498
498
3693
2724
2018
1375
4758
2827
2724
2018
2724
1376
498
5
2981
2827
5095
2724
2981
4833
2724
2827
498
5120
2724
3693
2827
2724
2981
498
2981
3007
4041
2981
2827
2724
2029
3007
5042
2981
2724
4758
2981
3007
2724
3508
4041
3693
2724
2981
4045
2
4045
2399
2981
2925
1479
2
2981
3508
3693
2724
4536
2724
0
498
2827
3693
2724
2018
4672
3693
2724
2981
2981
2827
4967
2981
4040
2981
3007
3693
2981
918
1479
918
2981
3508
2981
3508
1174
4041
2724
1479
2981
2981
2981
2981
3007
498
2018
2724
498
2981
2018
2919
2724
3007
2981
2724
4123
1825
2570
2981
3007
3007
1376
2724
2018
1479
1479
2981
3693
1511
498
3693
498
2827
2724
4243
2580
2724
4616
4786
1376
2
4040
2981
3693
4970
2981
4970
3007
4966
3693
4966
4966
1479
2724
4966
2981
974
0
1795
1511
2981
3768
2981
3693
2724
2724
2981
2981
2668
3693
1376
2981
2
2018
3007
3007
4758
3693
498
4243
4243
1190
2724
3693
2724
0
2827
2981
3693
3007
3007
3007
3693
3930
2724
2759
2724
2827
3693
3007
3693
3693
3508
2724
2827
4958
4040
2724
2018
3007
3007
3693
4040
4040
3007
2724
3693
2724
498
5111
4960
3693
3693
974
3693
3693
4041
2981
1479
3693
4758
4326
3508
2827
3007
3693
2724
3007
2
3007
4758
2981
3124
2981
2981
3508
3508
3693
2
3508
2724
2836
2724
2
2724
3508
2981
2018
3007
2
1479
1479
3961
2018
3693
498
5115
2981
3693
498
3508
3693
2018
3508
3508
2724
2827
5028
3693
3007
4041
2724
2724
4758
2724
2827
4758
1376
2981
3058
2981
2724
3961
2724
2724
4966
2724
2724
2981
3007
2724
3007
3693
2724
3007
3007
3508
2827
1283
4967
2724
4041
2981
2981
2981
2981
2724
4123
2724
3007
4967
1557
2724
2925
1778
1479
2981
4040
4758
2
4966
3508
2339
2
1479
1778
2724
4758
2981
2018
3995
2981
2724
1376
2981
0
2981
4672
1479
2981
4786
2724
2981
2
4123
4949
3693
2981
498
2981
2724
2520
4786
3007
2827
2724
2724
2981
2724
1479
2981
3508
498
3508
2724
2724
2018
0
5028
2827
4786
4041
1479
2724
3007
2
2827
2827
0
2981
3
3007
2981
3007
2724
2724
3508
0
2396
2724
3007
3693
3007
2981
4041
2018
3007
1479
2724
2724
4121
2981
2303
2724
3007
2724
2724
3007
2
0
4041
2
4041
3693
2827
2
3508
2724
2981
1479
2724
1830
1479
3121
2724
2724
2981
3007
2981
3508
498
3693
2981
498
498
3007
5115
3007
1376
2724
498
3945
3007
2724
3508
3007
2018
3007
2018
2724
2724
498
3508
2724
2981
3007
3693
2827
2724
2724
2724
2724
3693
3693
3007
2981
3693
2981
2827
2303
2827
4786
2981
2981
3007
3007
2018
2724
3007
2981
4758
2724
2724
4326
3007
4955
3007
3007
2981
2724
2981
2827
4954
4758
1559
3007
4123
2018
2981
3058
2981
2981
2981
2018
3693
2724
3693
1479
3508
3693
2981
3007
2981
2981
2724
498
2981
3007
1479
2029
2981
3693
1479
2981
3007
2724
1479
2827
2724
2724
2981
2981
2827
4041
2724
5057
2018
3693
2018
2724
4045
4041
3693
2448
1479
3508
2724
3693
2981
2981
3007
3007
3007
994
2981
2981
0
3693
2827
2827
3768
2724
2724
2
2
2018
4758
1479
2
2
3768
2827
3693
2827
4041
2981
2018
2827
3007
3693
2981
2981
2981
2724
3768
4758
3007
2981
4758
2981
2849
2981
2981
2981
3
4758
2724
2724
3930
2018
2724
3007
2981
4041
937
2981
1479
4356
2827
3693
3508
2018
2724
2981
3693
4786
5095
1479
498
3007
3768
2
2724
2981
3007
2
2827
2724
2981
4786
2724
2724
4786
4960
5042
4041
2724
2724
2724
1479
4758
2018
2981
2981
4786
3508
2982
2982
2982
2982
5028
2018
3007
991
2339
2827
918
1479
2981
2724
0
1479
2724
2724
3508
2724
2724
2827
3693
4951
1479
4243
3007
3693
3930
3508
2724
1511
2018
1479
3007
3007
2981
3007
2724
2724
2981
2724
498
2724
2724
2981
2724
498
2724
5042
3693
3007
3693
2981
1479
4143
3124
1376
2
2
2724
2724
3693
2827
2724
4041
2914
2018
2981
2981
2981
2981
4040
3508
2981
3007
4587
3007
2724
3768
2981
2981
0
2981
3768
4758
2570
4956
4786
2724
2981
2399
4758
2981
2724
3508
2981
2827
2827
4758
498
2981
2981
2018
2827
952
2981
1479
2981
2981
3508
2981
2981
4955
3508
3508
2724
2981
1479
2724
498
2
2018
2724
3007
3007
3007
2981
2981
2981
3007
2724
2724
2018
3693
3508
3693
974
4758
2981
2981
2018
3693
2981
1479
2724
2724
2724
3508
3508
4951
2724
3508
2981
2018
3508
3693
2827
2981
2981
1376
3693
2724
2827
3693
2724
2724
2724
2724
3693
3693
3693
2981
3693
2018
3007
3508
3508
4041
2029
2724
2724
3693
3693
0
2981
2724
2018
2724
2981
2981
2981
3693
3007
2724
2724
2981
3508
2981
2981
4758
3007
3007
3007
1479
1479
2724
3768
3995
498
2724
2981
2724
1479
2724
2981
2981
2981
2724
2981
4243
2981
2724
4956
3508
5111
4045
2981
2981
3508
2981
2981
2981
4949
5042
498
1479
1479
2981
2981
2724
2724
3007
2724
2981
2981
2981
2724
2981
2981
1479
2981
3007
2981
2981
2981
3693
2759
5042
2981
2981
2981
3693
3508
4955
2981
3508
2827
4786
2981
2724
4041
2724
1479
2018
3999
2724
2981
2981
0
3508
2448
3693
2724
2018
2724
1778
2827
2724
2724
3007
3508
3693
3508
2724
3693
3693
1479
2981
2724
3508
2
2724
2827
918
1479
2981
2981
3007
3007
2981
3007
2724
2981
2724
1174
3930
4786
2724
2827
3508
3768
918
918
2981
2981
2981
2981
2981
2981
2981
203
2981
2981
3508
3508
937
2724
4041
2981
2018
2982
3508
2018
3508
3508
2981
918
3508
3508
3508
3508
2981
2724
2724
2981
2724
3508
3693
2981
2981
4041
2827
1376
2724
1479
4758
4966
2018
3007
2981
2827
5112
3693
2981
2724
498
2981
4967
2981
3693
3768
4041
3693
1963
2018
2827
2981
4760
498
3693
2827
2981
1375
0
3007
4040
3693
4040
3693
4786
3693
3693
2018
3007
5115
1479
2724
4758
498
3508
3768
3508
3121
2981
2018
2981
2981
2981
3693
2724
2724
2724
2981
4040
2981
1479
4758
3693
3693
2981
498
5115
2981
2981
3693
2724
3693
3693
3508
3124
2
2981
3508
3693
4758
2724
3508
2
2724
3961
2981
3693
3508
2724
2724
2018
2018
4786
2304
3007
2981
3007
2981
4951
3007
3007
2724
2981
2304
3007
2724
2724
2724
2304
1190
3693
1190
1190
0
2981
2724
2724
2724
0
2724
3693
3007
3508
2827
3768
1479
498
2724
3508
1479
2981
3007
2827
2981
2724
2724
3508
2981
2724
2981
3693
3007
1479
3007
498
2303
2724
5028
2724
2724
5095
4758
3693
498
2981
1479
1479
1479
3007
1479
2981
2827
3693
4041
1479
1479
2724
2827
2981
1010
4758
2981
4758
2981
1479
2981
2018
3961
2981
2448
3693
0
4041
2018
2724
2724
2724
3693
3007
2724
2724
2981
2724
2827
4040
2724
2018
3693
2759
2724
2724
4041
2018
2724
2724
3007
2724
498
498
3124
2827
5115
3693
2981
2981
2981
2981
2724
2981
1174
5028
4041
0
2827
2827
3007
2018
2981
2018
2018
3693
2981
2724
3693
3508
2724
203
1778
2981
3693
3693
1376
2018
2827
2827
2981
3768
2981
2724
2981
2724
2981
498
4786
4123
2018
2018
3961
3961
2724
2724
2018
937
2724
2981
2724
2724
2724
2724
2724
2981
4786
3508
2018
2018
2981
2724
203
2018
2724
2724
4041
1479
2018
2981
2827
2724
4040
2724
3508
3508
2981
2981
2827
3508
498
2724
3007
3007
2724
2981
3693
2724
1795
2981
2018
2
918
2724
1479
2724
2724
2981
2981
2981
2724
2981
4536
2304
2981
2724
2724
2724
3693
3007
3807
3508
2827
2724
974
498
2018
2981
2981
2018
2724
4041
3693
3693
2724
2981
4041
2724
2827
2724
2724
1376
2981
2724
2981
3007
498
0
2448
2668
3
1799
2981
3693
3007
2724
2724
1799
3007
3508
2
2724
3693
2827
3
4966
498
4672
1479
3693
2724
2724
3508
3693
2724
2981
2981
3693
1479
2724
4041
2724
1479
2018
1373
2827
4786
1772
4123
2981
2724
498
4786
2981
2827
2724
498
498
3508
3508
3508
4041
2724
2724
5028
2827
2981
3693
2724
4758
3508
3869
2018
2836
2827
3007
5028
2724
1479
2981
1778
2981
2981
1479
2981
3508
2018
0
2925
3508
2724
4040
3121
4758
5057
2724
3007
3007
3007
4758
2451
2981
2981
974
2981
2981
2981
3007
2981
2981
2981
3007
2981
2981
2981
3999
4955
2724
2724
4040
3007
4758
2724
2981
3121
3007
3508
3007
2981
3693
2981
3007
3007
3693
3007
1825
2981
2925
3
2925
3
4967
2981
4967
3007
1479
2724
3007
3007
3
3007
2724
3007
1479
2724
3007
3007
1479
4956
1479
1479
4956
3007
4786
4967
2981
2981
2981
4758
3508
3508
3693
2724
3007
4955
2724
2724
4967
2724
2724
1479
2724
3508
4967
3693
2827
3693
3508
3693
3693
3007
2724
3693
3007
2018
3693
0
3693
3693
3007
2018
2018
4955
3508
3508
2724
2295
2981
2724
2724
2981
4587
4786
2981
2849
4672
2018
3693
2
2724
498
2724
3508
3508
2018
498
2724
2981
2981
2724
498
498
2724
2724
1479
3508
3693
3508
3007
3508
3508
2018
2724
3995
1479
1479
1190
3693
3693
3693
3007
5042
3693
2827
974
1479
2981
3693
3693
1479
3508
2724
2724
2724
3007
2018
2724
2724
2018
2724
3693
3007
2981
3508
3508
4758
2724
5115
2836
3693
2724
4758
3007
2925
2724
2399
2724
1479
2724
2827
2827
3007
3007
2982
1479
2671
498
2724
1479
3508
2827
2724
3007
2724
4040
2018
2018
498
974
3693
2724
2981
3508
2827
2724
2724
3693
3508
2018
3121
3
3508
2724
3693
3007
2018
2018
1479
1479
3693
2018
2827
3693
2981
3693
3508
2827
0
3007
2724
3007
2724
2
1479
2981
2018
2724
3436
3693
2981
5028
4758
4041
2982
2018
2827
3693
2018
4758
2724
3436
2827
2981
3693
2981
3007
2981
3007
2827
2827
3007
2827
2724
2981
2724
2981
3007
2724
3007
2981
2018
5111
3007
3007
3007
2981
498
2724
1479
2018
2827
2827
2018
3007
3007
2724
2724
3930
3007
2724
498
498
498
3508
3508
2724
2724
2827
1479
4955
2724
3007
3768
3007
2981
3007
4960
1479
3007
3007
2813
3508
3007
2925
3007
2724
2018
3007
2724
3007
3508
2981
3007
2981
3693
3007
2981
3007
3007
3007
4041
3007
3007
2981
3508
2981
3
3007
3007
3007
2724
498
3007
1479
2981
3007
994
2981
4758
3007
1479
2981
3508
1479
1479
3508
2981
2018
3693
4758
2724
2981
4758
3007
2981
2981
4967
3007
3007
2981
2981
2981
2827
2981
974
3007
3007
2981
4955
2981
3007
2724
1479
4955
3693
2981
2981
3693
3007
2724
3007
3693
1778
3
3693
3007
1479
3693
2981
3007
2981
1376
2981
3007
2451
3007
2724
2018
2981
3007
3007
5042
2981
2018
2724
3007
2018
3
3961
4960
0
498
2981
2981
2108
918
498
2981
498
2018
2448
2981
1479
3508
2724
498
498
498
2916
498
5115
2724
2724
3007
203
3508
498
498
3508
2724
3007
1479
498
2827
498
2724
498
3693
4955
498
2981
2724
4758
2981
2981
498
2981
5057
3693
2981
498
2981
2981
3007
498
2724
4951
1479
4955
2724
4955
4955
3007
3007
2018
2724
4040
2724
5106
2018
2981
4955
2724
4955
4041
498
2981
2925
2724
4955
2724
498
0
1963
2724
2724
4041
498
498
498
4758
2981
2
2724
4955
2724
4786
498
2724
4955
1479
2
2981
3508
4041
3508
498
2981
4954
2724
3508
2724
498
2981
2981
498
2018
3007
3007
498
3007
1479
2981
2981
2018
498
2981
3007
2981
2981
2981
2981
498
3007
3007
3007
2724
3999
4123
4123
2724
1479
2724
498
3508
3007
498
3508
3007
498
2724
3007
498
3007
3007
2724
2724
1799
3007
2
2724
2981
2451
2981
2724
2981
3007
3995
2018
4758
4758
4758
1376
3007
3007
3007
0
1778
3508
3007
3007
2981
4041
4041
2724
2724
2724
3508
2724
0
2981
2018
2724
4758
2018
2827
4758
3007
4967
4041
2981
2724
4758
2981
2981
2981
2981
2981
3007
2981
2981
2981
3693
2724
2981
2981
2981
3693
2981
2981
2759
2724
2018
4587
2827
2724
3508
1479
2724
3693
2018
0
3693
2790
2724
1479
2981
3693
1479
2790
1479
3693
1778
3693
2668
4786
2724
2981
2724
3693
2724
3508
4960
0
3007
2018
4758
5095
2813
3508
2724
3007
3693
3693
2827
1778
2724
2018
498
2724
3768
4627
1479
4758
3693
3
2018
2724
1479
3007
1479
3007
2981
2018
2018
0
3508
2827
3508
3007
2724
2
2724
1479
2981
2018
2724
2724
1557
4040
2724
3693
2827
3007
3007
3007
1376
3007
3007
2982
3007
3007
2981
3007
1479
3007
3508
2724
4041
3693
2724
2724
3693
3693
4243
2724
2724
3693
2981
2914
3508
0
3508
2827
0
498
498
2724
4143
1479
2724
2981
3007
2981
3693
1778
937
3508
2018
1479
4041
498
2018
2827
2981
498
4955
4041
2724
3693
3693
2846
0
2724
2
0
3007
3007
1479
1479
2445
0
2981
1479
3007
3007
498
3693
3007
3508
2827
498
1283
498
2982
1479
4955
5028
3508
2827
3007
1479
2827
2724
3693
2724
0
2981
498
3508
498
2018
2724
3007
2724
2018
2724
2827
2981
2018
2724
2981
