2981
2981
4758
2
2981
3693
1372
0
1372
3693
0
1372
4967
2981
3508
2018
3772
3961
3007
3007
4967
3007
4758
3007
3007
3007
4040
3007
3007
4041
3007
1556
3900
3693
1372
2981
0
3693
3768
2724
4758
2724
2724
5095
2288
2724
2981
2724
2724
2827
2018
4041
3693
1488
2724
3007
2724
2981
2520
3007
3693
2981
2828
4045
4040
2018
2837
2981
3007
3007
3007
3007
3007
3007
3007
2981
2981
1376
3007
3007
2724
4324
3007
3007
3007
2724
2724
3508
2981
0
2724
4758
3007
2448
3007
1909
1909
3007
4758
3018
3007
2724
2724
2724
3007
3007
4040
3007
5095
2018
3007
3007
3007
0
2827
3007
3007
3007
2837
3007
4720
3007
3007
0
3007
3007
3007
3007
4045
3007
3007
3007
3007
3007
3007
3007
3007
3007
4335
2981
3007
1372
3007
3508
2018
2981
2876
4040
3007
3961
2981
5120
1376
0
3961
3007
3007
3999
2981
3007
3007
0
3007
4041
3007
3693
3007
3007
3508
3007
3007
2876
3007
1830
3007
2876
3768
1376
3693
994
3007
4758
4758
3007
4335
3007
3007
3007
3007
3693
3007
3007
3007
1376
498
4758
3007
4786
2981
1376
1372
499
0
1549
2724
2981
2981
2724
2724
2724
2724
203
4758
2724
2724
4040
2724
3007
5095
4063
2018
3768
2724
2724
2018
2724
2018
5076
2018
1376
2724
4866
2827
5028
2981
0
2724
2396
5094
2018
4041
2981
2827
2018
2018
4758
2981
2827
4758
2981
1376
2
3508
4958
2724
1376
2724
4966
4966
1511
0
4143
0
3508
4758
1766
0
3998
3404
2724
3772
2018
918
3961
2981
2981
1373
2827
4758
1772
2724
2836
2981
3007
2981
3413
3593
5080
2724
2981
2981
499
2018
2762
2981
2724
2827
2981
2981
2981
2981
4758
2
2018
499
2876
2018
3404
2981
2981
2981
1372
1372
2876
2981
1479
2876
2981
3995
1479
1479
2876
2981
2981
2981
2981
1372
4335
3693
3693
5022
2981
2724
0
2018
0
2827
4967
2724
2018
2724
2018
1372
4040
2042
0
2827
1372
3895
1479
4758
2018
3508
2827
2018
3693
1479
4758
2018
3508
2790
2724
1372
2018
5120
3693
1372
3693
2018
3693
2042
2724
1372
499
1799
2018
4961
3058
2
499
2448
5028
2981
2724
1372
0
1372
5102
2981
3693
2724
2981
4040
3508
1372
2827
2724
2827
3508
3900
1372
1479
3693
3693
2827
3693
3693
0
3930
3508
2724
3508
2018
1373
2724
3693
499
4143
1479
2018
3693
5095
1376
2724
4758
4616
2448
2018
4131
1557
2724
3102
2981
0
3900
1372
4243
4040
2724
3807
2876
2724
4040
2981
4758
2018
3995
2724
2724
2435
4758
1479
2724
4758
2448
4758
3
4758
2724
2981
5094
2827
4335
2580
0
2827
4335
1372
2981
2981
1565
2
3995
3430
1764
2981
2724
0
2981
2042
1764
1372
2724
2018
2724
2981
499
2724
2724
2724
2018
2724
2981
2724
2
2981
2981
918
2042
3693
1205
1205
2981
4335
2981
3900
1479
1479
0
2724
3900
0
2828
499
2724
3900
2724
499
1205
2981
2
2724
2827
5078
499
3693
499
3693
0
3508
2018
2981
2724
2
2042
2828
3693
2018
498
3900
1565
4045
2981
2981
2724
2724
2981
4955
2827
498
5057
3693
3961
3007
2724
4041
2827
0
2724
2981
2018
2724
3961
3693
2018
1372
4758
498
498
0
3693
2981
3102
2765
5095
3693
2018
3693
3007
498
3007
498
3693
3693
3007
3693
4951
2018
2
0
1479
3007
3855
3900
4045
2018
1479
2981
3693
3693
2
3693
3007
1372
498
2724
3693
3508
1372
2981
2018
3058
2042
0
2981
2448
4040
2827
1376
2724
2724
2827
2876
0
2828
2827
2042
3768
2724
3693
3007
3900
2876
2981
2740
2018
1511
1372
2827
2981
3007
2018
5028
2724
3007
3693
2981
2827
2981
944
1711
1372
0
2018
4758
4758
3430
2018
0
2981
0
1372
0
5094
1372
3693
1372
2981
4758
944
2018
2981
2018
2042
3768
2724
2828
2018
0
498
3007
3961
2981
3693
2018
4041
5028
2828
2018
1376
2724
3693
3693
498
3508
3508
3961
3693
3693
0
0
0
3693
2981
4041
3693
4758
2042
1539
2398
3693
2398
1948
2042
4672
498
3508
1372
2981
3007
1372
498
498
2827
1861
2724
2724
4758
4758
1376
3961
3961
3961
4758
3007
2018
3007
3007
2981
2724
2827
2724
2724
2018
2876
2018
3007
2018
2876
0
4335
2876
2018
2981
1479
5103
3693
3961
0
0
3693
2018
2018
2018
2018
4758
2827
2018
4041
0
4758
2668
1479
2927
2018
1948
2018
498
2042
3900
2827
4041
2981
498
2018
3404
2836
3772
0
2724
2018
0
0
2827
2827
2724
2724
1795
1810
1948
0
1372
2827
2724
2724
2018
1948
2981
2724
0
3
2724
3508
2724
0
4356
3430
3007
5028
499
5028
3508
3693
2827
2981
3855
3693
2981
4758
5112
2981
2042
2724
3508
498
2914
0
3995
3900
2981
2018
2981
2981
2981
2981
2981
2981
2981
2981
2981
2018
2981
3508
2724
2018
2724
4758
2981
2827
2981
2724
5112
2762
2
1723
499
2724
499
2018
2827
3404
3693
3007
2981
4176
3007
4041
3007
2724
2827
2827
2827
2827
2827
2827
2827
2724
2018
2724
2724
2018
2018
2724
2724
2724
2018
3772
2724
2724
3002
0
0
1479
971
2790
2927
2
0
2981
3693
498
3
2827
1372
2981
2042
2018
944
3895
0
0
2018
2724
4045
2018
2018
2018
2724
3772
0
0
5080
2981
2981
2724
1479
2018
2018
2
2018
2981
2
3999
2981
0
1372
3768
0
0
2724
2827
1559
2981
3961
2981
2018
2018
2755
2827
1376
3007
1372
2981
2018
2018
2018
2018
2018
2018
2018
498
2042
2981
2042
2018
1372
498
1825
2981
2981
3212
2018
1764
2029
3038
2827
5120
3809
5115
5120
0
4786
3007
2018
2042
5112
5112
0
2018
2018
1799
3430
2042
0
2042
3007
3007
3007
3508
3900
3007
2018
3007
3007
1479
0
2827
4758
4040
2018
3007
2018
2827
3007
3693
498
2018
2018
2018
2981
1948
2724
3930
4040
1376
3038
2448
3593
498
944
4758
2724
4758
5115
2827
2018
2828
2448
5120
0
3809
2724
2042
3007
2108
3007
3007
2
3007
2042
2827
3007
3007
4758
4758
3007
2724
3007
3007
2018
2981
2019
2981
2762
2827
3007
4842
2836
2724
2981
2828
2828
2724
3007
2042
1190
3007
2018
2042
3007
498
2981
3007
0
2018
3007
3007
3007
3007
3007
3007
0
3007
3007
2042
944
944
3007
0
0
2827
3007
2724
2724
4041
2827
3807
2724
0
5120
2018
5120
1389
2019
5094
3508
2724
3508
3007
2827
1376
3007
499
4040
2018
0
2981
2018
2018
0
3007
2018
3007
2836
1372
2724
3007
2738
2724
2836
4758
1376
2724
4758
2981
4041
2448
4758
2836
4758
3170
1376
2724
0
0
2724
0
1549
5120
2724
2981
3772
3007
2018
499
2398
2982
3007
2981
2
2981
1376
1376
2724
2724
2435
3007
3007
2981
1565
1549
1292
3007
499
2981
2018
2724
1372
2981
5076
1372
2981
2724
4758
2827
1948
2981
499
2018
2981
2042
2685
2827
0
0
2398
2018
1549
2982
2981
2724
2435
2
1376
918
3007
2724
4243
2
2981
2981
4616
0
2724
0
1292
2445
4758
944
2981
3508
2018
3007
3007
3772
1948
0
1372
0
2018
2018
3693
4045
1778
2828
3007
3404
3102
2724
3007
3007
3007
2018
2981
3404
2981
3508
3593
2398
2981
2724
2981
2827
3007
2981
3007
0
2724
4758
0
2724
2
2827
2018
4760
5028
5028
1479
5028
2018
2724
2927
3007
3007
944
498
2805
499
2018
4040
4758
2981
4040
3693
4758
2827
4040
3693
918
2828
3999
2724
1779
3693
2981
2981
4041
2981
0
499
2836
3772
2981
3693
3693
2981
2724
2981
2981
3693
0
2724
2827
2398
4758
2981
2827
2018
0
2836
3007
2981
2827
952
2042
2827
3693
2018
2
2981
2724
5094
2018
2108
3007
2
2042
2018
2981
2981
2981
3007
4335
2
2827
2018
2827
498
2399
3974
1010
3007
3007
2
2827
2399
2685
2981
2
2724
2042
2018
2981
3007
2981
2981
3007
3007
2018
5095
2981
1479
2018
3007
2827
2
1795
2398
3007
3007
944
4041
2981
2981
2981
3007
4758
3900
2724
2724
2828
2981
3101
107
2827
4176
3928
4758
1511
2981
3007
2018
2304
4970
3007
3007
3900
2018
2724
3007
2724
2018
2981
2827
2981
2827
3007
0
0
3121
4040
2981
2981
2827
4758
3007
3007
4758
3508
2981
2981
2018
3007
2724
1376
5028
2981
3404
5102
3007
2018
3693
3007
2724
2042
3007
2827
2827
3007
2981
3007
3148
2827
2790
2981
2724
2981
2724
2827
3007
2981
1778
2981
499
944
0
2981
3124
2981
3693
4672
2724
2042
2981
3007
2018
3693
2042
3855
0
0
2876
3124
2981
4041
5011
2724
5028
2042
5011
4758
4758
3508
2018
1539
498
3007
3768
5042
3693
2018
2018
3007
1549
3693
1372
2018
2724
2827
3693
3007
2981
2724
2981
2981
163
2018
3007
3404
2018
4786
2018
3693
2018
3693
4243
4758
2018
2018
2018
3007
1764
2724
2981
2042
4335
2981
2981
4758
2018
2448
2981
2981
3900
2981
2981
2724
3404
3900
499
3007
2018
4758
2981
2981
1541
3007
2018
2981
2981
3999
2981
3504
4335
4335
4758
2981
2827
0
3693
3693
2724
2724
4966
3900
2876
3693
4758
4758
4758
2981
2876
3693
0
3693
2981
2724
3999
2981
3007
2981
3007
0
2724
499
0
2724
1479
0
3693
1376
2018
1174
2981
3007
4045
2724
4954
4045
4786
3999
4045
3007
4045
4954
2981
3961
2782
1791
5073
5073
2981
2018
2724
2982
3772
4954
3007
3693
0
0
3693
1597
1376
1376
3772
2724
2981
2981
3999
2827
2827
0
944
498
499
2827
2981
0
2042
2018
3404
3007
3007
499
2837
5115
4758
3693
2981
4758
3007
3404
2724
1372
4954
3772
5115
1948
0
5028
498
498
918
2
2981
2827
2724
3693
2019
2981
2018
107
2724
2724
3693
3693
2399
2724
1376
1372
107
3007
3007
2724
2981
2304
2724
2828
3007
3007
2827
3007
4966
3007
499
4758
498
498
1372
0
2827
3007
498
5019
4866
3772
1479
2018
0
4758
4758
3007
2981
4758
3007
1479
3007
2724
2018
2981
2981
1372
0
0
498
0
1376
3007
2981
499
3693
2981
2827
3430
2724
1372
499
2724
2018
2827
3768
2018
2018
4758
1479
1372
3430
4627
3809
4616
0
3693
2018
1376
1376
3007
3930
4951
2981
2974
2018
3508
1292
203
1292
4041
1376
2018
2018
1376
1511
3693
2981
4758
2724
3508
3508
5095
5075
1205
3508
2827
3508
3693
2018
1372
2827
2295
3404
4970
4955
4220
1292
0
499
3007
2724
2724
2827
2724
2018
4243
1292
2724
3508
1205
2724
3693
3693
2042
2981
2724
2981
2793
2724
3007
2981
2724
2724
2981
3508
1292
2042
1372
2018
2
2981
0
3121
2018
971
2724
2724
2827
5028
1376
2
0
0
2042
0
1372
2981
2724
2827
0
2
918
3693
8
4758
2042
2724
3693
3508
5028
3002
1376
2724
2724
0
1548
2724
0
0
3693
0
0
0
0
2981
0
0
5094
0
0
0
3693
4758
2018
1376
2042
3508
2724
3693
1376
0
3693
0
2876
2724
2981
3508
0
918
2018
2828
1372
2724
4040
3693
2876
2433
2827
2981
2580
0
3007
3768
2837
3693
1479
1376
1479
2724
2724
2
3693
4041
2876
0
0
0
0
3693
0
2018
0
918
918
2724
2827
2927
3404
2724
3693
1376
918
3508
3693
2
3693
2724
0
3693
2018
2827
2981
3508
2724
2724
2724
2724
2018
2828
2827
2827
2724
2827
2827
2981
1372
4758
0
2724
5102
2876
2724
2018
918
499
1376
2018
3693
3693
2827
3693
2146
0
3007
2042
3508
3508
2981
2451
2451
2827
2827
3693
2827
1376
2018
4758
3693
3593
1479
2827
1539
4967
2827
2827
2827
2827
3508
3693
0
4041
0
2827
2451
2042
2451
2451
2451
3508
2981
2827
3693
2827
0
2827
3508
2724
2018
2981
3007
2981
1292
2724
2724
2981
2981
4749
2981
0
1376
2981
3772
971
3693
4326
1372
4956
1372
1010
2
1565
4131
2724
2
3693
2828
2981
2018
2018
2042
3693
3007
2827
3768
2981
2
3772
2018
1948
2981
4045
2018
2018
4842
2
4616
2981
1825
4189
2724
2724
0
3693
2042
4189
1825
4189
2018
3508
2724
2724
3508
3508
2981
3007
3508
4758
2018
2018
2724
1372
2857
3007
4045
0
0
2724
2042
0
0
2042
2981
2828
2828
2042
2018
0
0
3504
2724
971
971
0
3693
0
0
4842
918
2451
2724
2981
4335
1376
4758
499
2981
971
971
0
0
2790
2827
1376
0
0
0
5112
3693
2827
2324
2981
846
498
0
4758
4758
4040
3508
4758
0
5019
2981
2981
3121
4045
1592
1738
3900
2018
2981
3930
3930
5120
4701
3212
2
3693
2827
2
2042
1205
2981
3007
3995
3995
0
2018
2018
2018
1511
2724
4045
1511
1511
1795
4758
2398
2724
0
1376
3693
4967
2018
1372
2981
4335
2398
3007
4045
2724
3007
2724
5095
1372
2981
2828
3007
2981
3995
2580
3508
2982
1376
4758
1376
4041
3693
4954
3508
2018
2876
2018
2827
0
0
3007
4335
3961
2827
498
4041
2018
2018
4386
2827
3007
5028
2018
3693
3693
2981
3693
1376
1372
2981
3007
2981
2981
0
0
0
4063
3693
2724
2042
0
2765
2827
2827
2827
2724
1292
2981
3007
3855
2981
2724
2018
2018
4758
2981
4758
2981
2924
2724
4040
2828
2836
2724
2724
0
2724
2724
3404
3404
1799
0
2018
2981
2981
2981
3508
4040
2042
2724
5095
5095
2827
3007
0
2042
2788
3693
2981
1772
2018
2433
5115
4951
2740
4616
2981
2981
2981
4041
2981
2981
3007
2974
3693
0
2042
1764
2981
918
1376
3415
2724
0
498
2724
3007
1376
1830
2724
498
2724
2018
2724
1372
1372
2724
4758
2827
918
3508
0
3772
918
3508
3007
4758
3961
3961
3869
3007
5112
3693
0
2018
3778
0
3007
2433
2
0
2827
2724
2827
0
0
3508
3895
3508
0
498
2827
2042
0
0
1376
498
0
499
3404
0
2827
3508
2981
2018
2827
4616
3961
3961
3508
3508
2042
0
4758
1376
3430
0
2042
2019
2018
4335
3430
3124
2982
3007
1569
2396
498
944
3007
2827
0
8
4176
5078
1948
2042
3007
0
4335
1948
0
0
4956
2981
2042
498
5022
3999
2018
3508
3693
499
2146
0
2018
499
3508
0
2827
498
2981
3102
3941
0
3508
0
3961
5028
0
918
4335
4866
2724
5102
3961
0
2
498
1372
2724
2827
2724
3693
499
3007
499
0
498
4966
4672
2
3007
2981
2018
0
2042
498
0
0
3900
0
3900
499
3878
3
3508
498
3007
2398
1556
3508
0
918
3404
918
918
918
918
0
5030
2724
2042
2827
2724
2724
2827
498
3007
4758
4758
3693
2981
1372
2981
2981
2981
3007
3508
499
4758
3007
3007
3508
3007
3007
2981
4758
1746
2981
4758
2981
2042
4758
3007
4758
3415
2981
4758
2981
3007
3007
4758
2827
2981
2981
2981
2827
2724
2827
2827
2827
1376
0
2827
1479
2981
2981
2827
2827
2981
2827
3007
2827
2827
3212
2018
4758
1479
2981
2981
4758
2981
2981
2827
2981
3007
1372
1372
3007
1372
1372
1372
2981
2981
2981
498
3693
2981
2981
2981
1372
1372
1372
1376
1372
1479
2981
1372
1376
1376
2018
2982
2018
2981
1292
3693
3693
3007
3693
2981
2981
0
1372
3007
3007
1372
2981
498
3007
3007
1372
2981
1372
1372
4758
2981
1479
3007
1592
2981
2982
2981
0
2981
2981
2981
2981
4123
2740
0
2981
3007
2790
3212
1373
2042
2981
498
0
0
0
2981
2981
3007
2828
498
2827
2981
499
2827
2827
4827
2981
3
3
2398
2981
4041
2018
5076
0
5076
2042
2042
2018
2724
3693
3
2724
3007
2724
2724
3
2982
5076
3508
0
918
5094
498
3404
2724
4335
498
498
0
2042
2042
2982
971
2981
3
1479
1479
2981
2981
498
2981
3508
0
2981
498
1372
2981
2981
2981
1376
3007
1372
1372
1372
1948
1372
3
918
2042
0
3
2981
3101
3693
0
0
3508
0
498
2981
4189
2981
5076
3007
2981
2876
0
0
0
3961
3961
1205
3961
3007
2981
3007
3007
4041
4684
499
2827
1479
1389
4045
0
4786
3007
499
2981
2304
2398
3007
3693
944
3007
2788
1376
1511
1565
2
3007
2304
4123
2827
5080
2398
2399
0
5076
1764
1764
2981
2018
4758
3404
3508
2042
944
3768
2981
2724
1174
5094
2981
2981
2828
2836
3508
2981
2836
2981
2981
4758
4386
4758
2981
2981
2981
2876
2724
2981
3007
3007
3007
3007
3007
3007
3212
2981
1010
2981
2981
1372
2660
1372
2828
2828
3007
2018
4386
2827
3007
3007
3007
3007
3007
3007
3007
4063
1723
2828
3212
0
0
0
5022
0
5073
2827
2827
2827
2827
3007
2828
0
2981
2981
2981
2042
2981
2981
4758
2981
918
2981
2981
2018
2981
3007
2981
2981
0
4956
4956
2981
5073
0
3778
1376
4040
4040
4040
2724
2981
2981
2981
3007
0
4758
2981
2981
4758
2981
2981
0
2981
0
2981
4758
0
2981
2981
2724
2981
4041
2981
2981
2981
2981
4386
2981
2981
2981
1376
2981
2981
2981
2981
2042
967
918
2740
3693
3508
1479
2724
498
2724
3007
2981
0
1597
4758
1479
2981
3007
1772
2981
1565
498
3007
2042
0
3007
1283
2981
2018
3
1372
3007
3007
3007
2724
3
3895
2018
2981
1372
2018
2981
2724
1372
2724
2981
2827
2433
4758
2982
3508
3007
3007
3693
4758
2982
2981
2042
4063
2981
2981
2981
3593
2981
2981
2981
2981
3007
3961
3961
3007
3007
3007
2981
2981
2827
2981
2042
0
4758
2981
2981
2724
2981
2981
2042
4758
2981
3998
3900
4063
2981
2981
2981
2981
2981
846
4063
2724
1373
4063
4063
3123
2981
1376
1376
1376
2981
2981
5076
5076
0
3007
2981
2828
3007
1479
3101
2435
4131
2981
3007
2724
3007
3693
4040
2981
203
4956
3007
1372
3007
3007
2352
4758
3102
4758
2981
4758
3007
2981
2981
2981
2981
2981
2981
2981
1372
2981
1372
2981
2981
2981
2981
2981
3007
2981
2981
2981
2981
2981
2981
2981
2981
3007
2981
2724
4758
3102
2981
3404
2981
991
2758
0
2042
1795
0
3772
2435
290
2981
2981
2981
2981
3508
3508
0
2042
0
2042
0
3999
2042
2981
3102
2981
3693
3102
918
918
3007
918
3007
2981
2981
3508
1557
2724
2724
3007
0
3508
4123
0
0
2981
4386
0
4758
5076
107
3007
3007
0
3508
2981
3007
1810
4955
2981
3508
499
3007
3007
2018
4955
3900
3007
3404
2433
0
2981
3007
2827
3007
3007
2
2146
3430
2146
2981
4758
3007
2981
4758
2836
2981
3693
3007
4958
1376
4970
1372
4758
3007
0
2981
0
0
2982
2981
2042
2981
2981
2981
2981
2981
2981
2981
3693
3430
3930
0
2445
2981
1764
3007
2916
1565
3007
3007
3508
3007
4758
3508
3508
3007
4758
4684
3007
5094
3693
3900
3995
0
2981
3007
3007
2827
1479
2981
3007
3007
3007
3007
3007
3007
3508
2827
3693
2981
3995
3995
2876
3995
3995
1376
1376
2724
2724
2724
2724
2018
499
2018
4041
2398
0
0
4041
0
3693
0
2724
2724
0
4758
2981
4758
2981
2018
2018
4758
2018
2828
2018
0
1376
3212
2981
4758
2724
2724
4176
3961
2146
3101
0
3101
4758
3007
499
3007
2924
2018
3961
3693
2981
3693
3693
2448
3693
1376
2018
1372
2018
3961
4627
4758
3101
2981
2018
1372
2724
3007
2018
3413
3693
3693
3693
3693
3101
499
5102
2042
1479
3007
3961
3007
3007
3007
3007
3170
2981
2981
1420
2981
2981
1372
2724
2724
2981
2981
3007
3693
3693
1376
1557
3693
2981
2146
3102
1479
3404
4960
4960
4960
4960
2724
4960
4960
2724
2981
2018
499
499
4953
4960
1376
3404
1376
1764
2828
4758
3508
2981
2981
2827
3508
3693
3961
499
2981
4758
918
918
2
918
2981
3693
2981
2981
2981
2927
2724
918
2981
0
0
2981
3693
1376
3007
2724
1376
3007
499
3007
2981
499
3900
4041
2018
2724
2042
2018
2018
2981
4758
4758
5130
3508
4041
2724
2724
2981
4041
2981
0
0
0
4041
4041
2755
2828
3007
2724
1376
2981
2981
3007
1372
2981
4758
4953
4758
4758
4758
4758
3693
3007
2724
3007
0
4386
2018
2981
1376
2981
5094
0
2724
1376
3082
2018
2981
2790
918
2018
2981
2828
4953
3007
0
2724
2724
2724
2451
2724
3995
2042
2981
2724
2724
4040
2981
2790
1479
2564
2
3809
4758
3693
1549
5094
3007
2146
3007
2
2849
4956
5057
1948
3930
0
3007
2
3121
3199
4954
2018
1791
4616
2018
4954
3693
2724
2018
1565
2018
2018
4041
1764
1479
4131
2042
3121
5076
2724
2724
3961
2876
2876
1376
2724
4143
1764
4758
4262
1376
498
4243
5076
2724
4954
2827
2580
3451
2018
498
0
2018
3415
2827
2981
4954
4758
2018
4758
4758
2981
2981
4758
3007
1205
3007
498
3508
3508
4758
3404
3508
2093
4758
499
1511
1795
4758
3693
2827
3430
3007
5076
3007
2448
2018
2724
3007
498
1511
2981
3961
1376
2042
3961
4760
3508
3693
3508
2724
1511
3508
3007
4760
2981
3007
918
918
918
2981
3430
2827
0
2
3508
0
2982
3007
2981
2724
1764
1479
2042
3900
846
4041
4749
4040
2828
2981
1479
1511
2724
2981
3007
3007
3508
3995
2981
0
2981
2
2981
1376
3508
2018
3007
4758
2398
1376
4758
2981
2018
3693
2724
2042
2981
4758
2724
2042
2827
2724
1376
2981
3855
4758
3007
3508
2
3508
1376
2018
1372
3007
3693
1372
2981
2981
2981
2724
2981
4758
2042
0
2399
2018
498
4951
2981
2876
2981
3508
2827
2828
2827
3693
3995
2981
2018
3772
0
2018
0
4758
2981
4758
3508
2042
2981
971
2042
2451
1205
4758
2671
2398
4111
2981
2671
3945
2
2981
4958
3504
2981
4958
2876
2981
2981
5120
3451
4758
2981
5120
2724
1479
2981
2
2
3693
3855
2724
2
3693
2981
0
2981
4758
3508
2724
2827
2981
2981
5042
2981
2451
2981
1372
1376
3508
1810
2724
3772
1372
0
0
2724
918
2018
2724
2981
3693
1376
2981
0
2042
2042
2724
4045
3124
4758
2042
2018
2018
3900
2018
2981
2042
2820
0
2981
0
0
1711
2018
2981
2042
3693
2827
0
971
4045
971
2981
3
2857
2724
3693
4758
2724
2981
3995
2981
5076
1795
499
3772
1479
4041
4967
1511
3212
1376
2981
3430
2042
2827
2738
944
1723
2042
2042
2981
971
2981
3508
3404
3987
3
4189
1376
3
3404
2981
499
3693
2042
2828
3961
2876
3693
4758
2042
4953
2981
2724
4958
0
2981
2981
2981
499
2042
2981
2981
974
0
3212
2981
2981
0
2981
2724
2724
1372
3212
2981
2981
4335
4842
499
2981
2827
3693
2724
4758
2018
1372
2981
2981
0
3
962
2981
0
3508
2981
2042
498
2876
2018
1479
0
2724
2018
2042
2981
2836
2724
2981
3693
0
2981
2981
2018
0
2724
3693
2827
4954
4958
2981
4758
4758
4386
4758
3961
2018
3693
1557
3007
3693
3693
2724
2982
3430
2724
0
3961
2724
0
3999
3593
3961
499
2018
3768
1711
3693
2042
3693
2828
3693
5028
2828
3508
3693
2828
4326
3693
3693
1791
3508
2981
2042
2981
2724
0
0
3430
0
1479
2724
3508
4131
4131
2981
2018
2724
0
4967
4045
2724
4842
2981
2042
2982
2
3508
944
4967
2828
5028
3693
0
2981
2042
3693
3508
3508
3508
3508
3508
3508
4967
2
5
0
4955
4951
4951
4758
0
0
0
498
498
498
0
3693
0
0
3693
3693
4967
2724
2018
3693
3693
3693
2
2724
0
3693
0
3693
3693
0
3693
3693
3693
3693
3436
3693
1479
2981
4967
1376
3693
3430
2018
2981
3900
2042
2981
2981
2981
2724
4758
4758
4758
2018
2018
0
2042
3430
2018
4040
2981
3961
2724
2018
3404
1389
2018
499
1389
944
4758
2644
1372
3007
2019
4758
498
3693
498
3508
2724
2724
2724
2820
2018
0
1372
3007
1372
1549
2724
0
3007
3693
3508
2827
2724
0
2820
2827
2042
3508
0
3508
3693
2018
2827
2758
0
2981
1375
2
3693
2876
499
2981
2828
2828
3007
5102
2981
3007
0
4335
4758
952
2724
2724
2981
2981
4040
4758
4040
3007
3693
2981
1791
0
2981
4758
2724
2724
2724
2
4041
2981
2981
2433
2837
2724
1372
1830
4672
3508
2724
2724
4041
2981
2828
2724
5095
2724
2042
2323
3900
3693
2018
2018
4953
3772
2981
0
2827
4041
3508
3693
2827
1292
2981
4041
2981
2981
2981
2981
2018
971
2827
3999
4758
1376
2018
2981
2981
1723
2018
2018
1373
2042
2042
3693
4040
498
498
2981
4176
2981
2981
2981
2981
2981
1723
2981
4111
2981
3693
499
0
1376
3436
2398
4111
2981
499
3508
0
203
3170
498
2827
2018
2981
2981
3404
2981
3007
2827
4243
4842
4758
1909
3007
2018
2981
0
3995
2981
2724
2827
2981
2724
3121
2724
2018
1549
2724
2018
952
3999
3007
4335
3900
1372
2981
2981
4041
2981
2981
2724
2018
4758
952
4041
4041
2018
2018
2018
2018
2018
2018
3404
2018
3995
2018
2724
2042
2828
2018
4951
1488
3508
2018
2018
2018
1948
2018
2018
3007
2018
2018
2018
2018
2018
2018
2018
2724
2018
2018
2018
1373
2018
2018
2018
2018
4758
2018
1372
2018
2018
2018
2
3693
1479
4041
2827
498
1372
2724
1376
1376
2018
4040
3007
3101
1376
4041
3693
3693
3693
3007
2724
2827
2018
2981
2981
499
1549
1372
2981
2981
2981
3772
2724
2755
2981
3693
1372
2876
2981
3693
203
203
2981
4966
2981
2981
3900
937
2018
4243
2042
3007
1372
2724
4966
4958
4958
2448
1292
4040
2448
4758
2564
2981
2981
4041
2981
3693
2981
2857
3999
2981
2981
0
3007
44
2919
4045
2981
2724
0
3900
2448
2981
2981
2981
1372
0
2981
2981
4758
2981
498
1372
4041
2981
2018
2981
2981
1372
5030
498
2724
3900
3998
2520
3
0
2724
3995
2981
4758
2827
0
2981
2836
3693
2827
1372
2018
3693
3508
5080
1205
4758
4758
4040
4040
4758
4758
4758
3900
2981
2448
2448
1479
3007
3007
2827
2827
2448
4335
2981
3007
3058
3961
2724
2018
2982
2724
2827
2981
4189
3772
2433
2724
1376
2042
4758
0
1511
4220
2724
2827
2724
2398
2981
2827
2042
2042
0
3007
3007
3007
3508
2
498
3
498
2018
1511
3693
3693
1292
2827
1711
4335
4335
2981
4758
2724
4953
3508
0
0
1511
0
2981
1565
1565
3995
2018
2981
2724
1372
3995
3693
4758
2042
2981
4701
4041
0
1511
2981
3508
2981
3007
3508
4966
2827
3121
3693
3693
3459
4866
2
4045
2018
2018
4041
2724
3
2981
1372
2724
2827
2018
2018
4827
1372
0
0
499
0
2724
2981
3430
3693
2724
2724
0
1372
2724
2724
4040
4749
0
3693
498
2827
0
5102
3
5075
3693
4955
2981
2982
3693
4335
3508
5120
4041
1565
3693
3508
4758
2018
1549
2724
4063
2827
2836
3007
1372
2018
0
2981
2981
2981
4040
0
2981
1565
4131
2724
1376
2981
2981
4827
2981
2724
2724
4040
2018
3508
2827
4842
1372
0
0
918
2448
498
3508
2724
2724
2981
2827
0
0
4040
1372
3508
994
0
4616
4041
3900
5095
1765
2820
4041
4045
4842
4041
0
0
3768
2304
0
2828
1764
4758
4335
2827
2018
4758
2724
4041
5120
4041
2724
5028
4967
3855
0
0
498
2827
974
0
4967
3508
4041
2042
3693
3002
0
8
0
2876
3693
3961
498
3961
2448
0
2018
4760
2724
3508
846
3693
2793
2724
2724
2018
3900
498
1376
2981
2448
2981
5094
2724
5042
2448
2981
1376
2398
3007
3007
4758
2827
498
2042
498
2827
4045
3007
0
1376
499
2981
2790
2304
2018
971
2876
498
498
3693
2724
2018
1375
0
2827
2724
2018
2724
1376
498
5
2981
2827
2813
2724
2981
2828
2724
2827
498
5120
2724
0
2827
0
2981
498
2981
3007
2724
0
2827
4967
2029
2981
3928
2981
4063
4758
2981
2981
2740
2982
4041
0
499
2981
1511
0
4045
2399
2981
3946
2398
2
2981
0
3693
4966
4335
4954
0
498
2827
3693
2724
2018
2927
1376
2042
2981
2981
2827
499
2981
3995
2981
1372
4955
2981
3778
3772
3693
2398
0
2981
2042
4335
2820
2042
1389
5094
2981
2981
2981
2981
0
5028
0
498
1376
2018
1816
2724
3007
3058
1511
4123
2523
0
4868
3007
3007
1376
2724
2018
1479
3170
2018
2876
1511
0
3961
498
2827
499
0
3772
3693
0
2668
1376
2
2828
3961
1376
4970
3693
4970
3007
4970
499
499
499
4956
4833
499
2398
2
0
4970
1511
1592
4701
3007
0
0
3693
4758
2981
0
3693
1376
2981
2580
2018
2982
2981
4758
3693
0
4063
4063
0
4262
1376
2724
0
2827
4758
3693
1372
2981
3007
3693
971
2724
2435
2927
2827
3693
1372
0
0
3508
2018
2827
1292
2448
2827
2018
3007
1372
5076
2828
3593
3007
2724
0
0
0
4335
4749
1372
1376
971
3430
2042
2724
2981
1948
5095
4045
4326
0
2827
3007
3693
2724
3007
0
3007
4758
918
1948
2
2981
3693
3508
3693
0
3508
1511
2836
2724
2
4040
3508
3995
2018
3007
2
3404
499
3961
2018
2724
498
5115
499
3693
0
3508
1376
2018
2982
3508
3123
2827
5028
3961
3007
5094
2827
3508
4758
4041
2827
3693
3961
1376
3058
2981
3121
3961
2724
2724
4966
2724
2018
2981
3007
4040
3007
3693
4040
3007
3007
0
2827
1764
1511
2399
2724
3995
2981
2981
2981
2724
4123
3
3007
1511
1557
3995
3869
1778
4749
2981
4040
4758
0
4966
3508
1711
0
3404
5120
4966
5028
2981
2018
3995
2981
2738
1372
2398
0
2981
4749
1565
2981
0
2724
2981
2
4123
2029
1376
2981
498
2981
3508
2520
4786
3007
2827
0
0
2981
2724
3974
2981
4758
0
3508
4961
846
2018
0
5028
4040
2029
5027
3404
2724
3007
2
2828
4040
962
2981
3121
3007
2981
3007
0
0
3508
0
3772
2042
3007
2876
3007
2981
1511
2927
3007
3772
2724
2724
4121
2981
2042
944
3007
5042
2724
4758
3855
0
4041
2
4041
5076
2827
2
3508
2738
2981
4749
1511
1830
944
3121
3
3121
2981
3007
2981
3508
0
0
498
0
0
3007
4220
3007
1376
2724
498
3995
3007
2
2685
3007
2018
3007
2018
2018
2724
498
0
1511
2981
3007
3693
2827
1511
2724
2042
2724
2876
2876
3007
2981
0
2981
2827
2303
2827
4954
2981
2981
3007
2981
2018
3693
1372
2981
4758
2724
0
3436
3007
2042
3007
3007
2981
2724
2981
2827
4954
4758
2042
2981
4842
3693
2981
2042
1376
3974
2981
2018
2018
2018
2018
1479
3508
2018
2398
2981
3404
2981
2827
0
2981
3007
3900
2029
499
3693
1479
3404
3007
2724
1479
2827
0
0
2981
2981
2827
2724
2042
1565
2018
3693
2018
2724
2433
4041
0
2448
4111
0
4967
3693
2018
2981
3007
3007
3007
994
2981
3007
0
3693
2827
2827
3593
1948
2828
2
0
2018
4758
3900
0
0
3002
2827
3693
2827
4041
499
2018
2827
3007
3693
2981
2398
2398
1511
3593
4758
3007
499
2042
2981
2738
2981
2981
2981
5078
499
2828
2724
3930
2018
1292
3007
4758
2801
4212
2981
3404
2330
2827
3693
3508
2927
2724
918
3693
0
5095
1479
0
3007
4765
2
4243
4758
3007
0
2827
2755
4758
3212
2399
4176
944
3900
5019
4041
2755
2724
2042
499
2448
2018
499
2981
4063
2724
3878
2982
499
3878
5028
2018
3007
1772
2339
3508
5028
5035
2981
2724
0
3404
2724
2724
3508
2724
2724
2827
3693
1764
5073
4243
3212
3693
3930
3508
0
1511
2018
1723
3007
2981
3693
3007
4955
2724
2331
5112
0
2724
2724
2981
2724
0
2724
499
3693
3007
3693
3693
3693
2042
499
1376
0
0
3693
2018
3693
2827
4040
4041
2914
2018
2981
2981
3995
4758
3995
3508
2981
3007
3772
3007
2724
3593
2981
2981
0
2981
4324
4758
163
4956
0
2828
2981
4335
4758
4758
1292
4758
1376
2827
2827
4758
498
2981
2981
2018
2827
952
2981
1723
2981
1948
0
1948
2981
499
3508
0
0
3451
1948
2042
0
0
2018
0
3007
3007
3007
1010
2981
2981
2827
2724
2724
2018
3693
0
2876
971
4758
4758
4758
499
2042
0
1479
2724
2724
499
3508
3508
4951
1557
3508
2981
2018
3508
3693
2827
2981
2981
1376
1376
2399
2827
3693
2399
3212
5112
0
3693
3693
3693
2981
3693
2018
3007
3508
0
2974
2029
2018
2828
3693
3693
0
2981
3693
2018
2018
2981
4758
4758
3693
3007
5028
2724
2981
3508
2018
2018
4758
3007
3007
3007
918
3772
2724
3768
3768
498
2724
2981
2042
3
2724
2448
4758
2398
2724
2398
1
2448
2724
2828
4758
3999
4045
2981
2981
0
2448
5094
2448
2520
0
0
0
2398
2398
2981
2724
2724
3007
2724
2981
2398
2448
2724
2981
2448
2448
2981
3007
2981
2981
2981
3693
994
1292
4758
2981
3212
3693
3693
3212
4758
3508
2827
1764
2981
2724
2762
0
499
2018
3999
2724
2981
2981
0
0
2448
1376
4616
2018
2724
4627
2827
2724
2724
2981
2042
2042
2042
2042
2982
0
1479
2019
0
3508
2
2724
2827
5022
2927
2981
2981
3007
3007
2981
3007
2042
2981
2724
2660
2660
2
2042
2827
3508
3772
918
918
2981
2981
2981
2981
2981
2981
2981
203
2981
2981
1376
3508
0
2724
4041
2981
2018
3772
3508
2018
2042
2042
2981
4758
3508
2042
918
4758
2981
2828
2724
2981
2724
3508
3693
2981
3404
4041
2827
1376
3508
3593
4758
4966
499
3007
2981
2827
5112
3693
2398
3693
0
1479
4967
2981
0
3768
4335
3693
1963
2018
2827
2981
4749
0
2827
2827
2981
4949
0
2981
4758
2876
4040
3693
4786
3693
3693
2018
3007
1764
1549
2724
4758
0
2982
3768
3693
203
3404
2018
2981
2981
1372
3693
3018
2724
2399
2981
1565
2323
1479
1376
3693
0
1010
0
5115
2981
2981
3693
3693
3693
3693
3508
4701
0
2981
2982
3693
4758
2724
0
1772
2042
3961
3900
3693
3508
0
4966
2724
0
4335
2304
2981
2981
1372
2981
4951
3007
3007
2724
1372
2304
3007
2724
0
2018
2304
0
3693
1190
1190
0
2981
2018
2724
2724
0
2724
3693
2981
3508
2827
4701
1479
0
2042
498
2644
3007
3007
2827
4758
2724
2724
3693
2981
2
2981
1479
1372
1479
2981
498
1764
2724
3447
499
5115
5095
1376
3508
498
2981
3101
3101
3974
2981
3101
1372
2827
1479
4041
499
499
2724
2827
2981
2042
1376
2981
0
4758
3900
3593
2018
3961
0
3945
3961
0
4041
2018
0
2827
4243
3693
1372
0
2018
2981
2724
2836
2828
2724
2448
3693
2435
3508
2724
2836
2018
2724
4045
4758
0
0
0
944
2828
5115
3693
2981
2981
2981
2981
2724
2981
1174
5028
4616
0
2827
2827
3007
2018
2018
2018
2018
3693
2981
2724
3961
0
0
4627
1549
2849
3693
3693
1376
2018
2827
2836
2981
3768
2981
4966
2304
2520
918
498
4954
4123
2018
2018
3961
3961
2724
2724
2018
5080
2724
4758
4040
0
3693
2042
2724
2981
2042
0
2018
2018
2304
4040
203
2018
2724
0
4041
1539
3693
2981
2827
4063
4040
1205
3508
3508
2981
2981
2827
2042
0
2724
2304
2304
2724
1372
3693
2724
5112
1372
2018
0
3404
2927
1810
2724
2042
2981
2981
2981
0
2981
2433
2304
2981
2724
4326
3
3693
2981
3121
2042
2827
2724
5078
498
2018
4758
499
4749
2724
2857
3995
3995
2828
2981
4045
2876
2827
2724
3124
1376
2981
2724
2981
3007
0
0
0
2668
1816
952
2981
1376
2981
2042
2724
2759
3007
3
2
944
3693
2827
3
4966
498
1962
4131
3693
2724
2740
3508
3508
2828
2018
2981
3693
5073
2042
3999
2724
499
2018
4063
2827
5028
1772
4123
2981
944
0
3459
2981
2827
2828
0
498
2535
3508
3508
4041
2724
2724
1479
2827
3693
3693
499
4758
3508
1541
2018
2724
2827
3007
3869
4243
2290
499
1778
0
3995
3772
2981
3693
2018
0
2
3508
2724
4040
1479
4758
5057
2724
3007
3007
3007
4758
3430
2981
2981
3430
1376
2304
2981
3007
2981
2981
2304
3007
2981
2981
2981
4335
2820
0
2724
4040
3007
3430
4045
2304
4335
3007
2
3007
0
0
2981
3007
3007
2042
3007
1511
2981
3772
3
2927
3
4967
2981
1511
3007
2352
2724
3007
3007
3
3007
0
3007
1479
2724
3007
3007
1479
3772
944
2352
4868
3007
5075
1511
2981
4758
2981
2018
3508
3508
0
2018
3007
944
2724
4386
499
2828
2724
1479
2724
3693
4966
3693
2827
3693
3508
3693
3693
3007
2724
1376
3007
2018
0
0
3693
3693
1372
2018
2018
944
0
5028
1174
1174
2981
2724
2724
2981
1549
5115
2981
3946
1549
2018
3693
1549
2724
498
2828
3508
3508
2018
0
2724
2981
2981
2724
498
498
2724
2724
1810
2
3693
2042
3007
3508
3809
944
2828
3995
944
499
4335
3693
0
3693
1372
499
3693
2827
0
3900
2981
3693
3693
944
0
2724
3508
1565
3007
2018
2724
2724
2018
499
3693
1372
2981
3693
2
2018
2724
1764
4040
3693
2724
4758
3007
1764
2724
2443
2724
1479
0
2827
2827
3007
1372
0
1779
1816
498
2724
944
4386
2827
2828
1372
3
967
2018
2018
498
974
3693
498
2981
0
2827
4040
846
0
3508
2018
4176
3508
3508
3
0
1372
2018
2018
3900
499
3693
2018
2827
1372
2304
2876
2042
2827
0
3693
1376
3007
2828
1772
499
2981
2018
2724
1479
3693
2981
5028
4758
4041
3212
2018
2827
0
2018
4758
2724
3436
2827
0
2876
2398
3007
4758
2981
2827
2827
3007
2827
2724
2981
2018
2981
1372
2724
1372
1372
2018
3999
1372
3007
1372
2981
0
2724
3404
2724
2827
2827
2018
3007
3007
2724
1592
3930
3007
2724
498
498
498
3508
3508
2827
2827
2827
944
944
2724
1372
4324
3007
2981
3007
499
944
3007
1372
2813
2042
1372
4866
3007
4959
2018
3007
2828
1372
3508
499
1372
1372
4386
3007
1372
3007
1372
3007
2801
3007
3007
4758
3508
2981
4335
1372
3007
1372
2724
498
1372
944
2981
3007
5076
2981
4045
3007
2644
2981
3508
3772
499
3508
2981
2018
3693
2018
2724
2981
4758
3007
2981
918
1292
3007
3007
2790
2790
2981
2827
0
1397
1372
3007
4212
944
2981
1372
2724
1479
499
3693
2981
2981
3693
1372
2724
3007
3693
1541
3
3693
2981
499
4758
2981
3007
2981
3007
2981
2981
2451
1372
2724
2018
1372
2981
3007
944
2790
2018
3436
2981
2018
971
3961
5019
2448
1205
1372
2981
0
918
498
2304
498
2018
2448
2981
3170
3508
4953
498
0
498
1549
498
2399
0
1283
2304
0
3693
498
0
0
0
2981
3593
498
2827
0
1283
0
0
4966
0
2398
2018
2304
2981
2981
498
1372
2813
0
2981
0
2981
3101
2981
0
4672
1479
1711
4966
2724
4966
4966
3007
3007
2018
4966
4040
1283
4827
2018
2981
4966
1283
4966
4041
498
2981
3123
2724
4966
1283
498
3098
2
2927
4627
4041
498
2042
498
4758
2981
0
2828
499
1283
0
1283
2724
2396
4749
0
2981
3508
4041
0
498
1711
4954
0
3508
2724
498
2981
2981
498
3693
1372
3007
0
3007
1479
2981
2981
2018
498
2981
3007
2981
2981
2981
2304
498
3007
3007
3007
2724
3999
0
0
2724
3404
2724
498
3508
3007
0
3895
2981
498
3508
3007
498
3007
4758
2724
2724
1799
3007
0
2724
4758
2451
2981
2724
2981
3007
3995
2018
4758
1376
1376
1376
3007
3007
3007
0
4866
3508
3007
3007
2018
2018
4041
2724
2018
2724
3508
0
5094
1376
2018
2740
1376
2018
2827
1376
3007
1292
4041
4758
2724
4758
2448
1376
1376
4758
2981
3007
2981
2981
2981
3961
0
2981
2981
2981
3693
3900
2981
2435
2018
2018
4866
2827
2018
0
1549
0
3693
2018
0
3693
1597
2724
3404
3082
3693
4758
1597
3772
1372
3123
0
0
4786
2724
2981
2724
3961
2520
3508
4960
0
2981
2018
1376
5095
2813
3508
2724
3007
2876
3961
2827
1565
2724
2018
498
2042
2
2428
5035
4758
1376
3
2925
2724
3941
3007
1479
1372
1372
2018
2018
0
3693
2827
2042
3007
2724
2
2724
1479
2981
2018
2724
499
1557
2724
2724
0
2827
3007
3007
3007
1376
3007
3007
0
3007
3007
2304
1372
944
3007
2042
2724
4041
3693
2724
2724
3693
2876
4958
0
1283
0
4758
4866
0
0
0
2827
2448
498
0
498
2398
1723
3693
2019
3007
944
0
1778
0
2042
2
1479
2564
0
4758
2827
2981
498
499
2828
2724
2398
0
1557
0
2805
2765
4386
3007
3007
3404
1569
107
0
2981
1723
3007
3007
498
1376
1376
2758
2827
2042
2042
0
0
944
499
944
3508
2827
3007
499
2827
2724
2876
5019
962
4868
2042
918
2042
1376
2927
2981
2724
1376
2982
2827
4758
2018
2724
918
