########################### pred ###########################
tensor([[[-15.1038, -15.0443, -15.2261,  ..., -15.6633, -15.9144, -16.6827],
         [-14.7211, -15.7195, -14.6073,  ..., -16.4073, -15.2988, -16.8354],
         [-15.1009, -14.5967, -12.9278,  ..., -14.4466, -13.4816, -14.7106],
         ...,
         [-10.4641, -11.7931,  -7.9588,  ...,  -9.1366, -11.5587, -10.6973],
         [-11.5321, -12.8058,  -8.8665,  ..., -10.1363, -12.3396, -11.7704],
         [-11.0423, -12.5323,  -8.2435,  ...,  -9.5803, -11.5821, -11.3174]],

        [[-13.1163, -15.0478, -14.8715,  ..., -14.8772, -15.4385, -15.5935],
         [-15.7867, -15.7433, -15.0333,  ..., -15.3053, -15.8188, -16.0734],
         [ -7.6469, -10.8964,  -9.4844,  ..., -10.3712,  -9.4229,  -9.9725],
         ...,
         [-11.0331, -11.4295,  -9.3096,  ..., -10.8884, -11.3101, -12.4927],
         [-10.1780, -10.3734,  -8.4099,  ...,  -9.8846, -10.4336, -11.5566],
         [ -9.8446, -10.1514,  -7.8048,  ...,  -9.3064, -10.3187, -10.8086]],

        [[-13.9728, -12.0648, -12.7439,  ..., -11.8698, -12.5974, -14.1642],
         [-15.7339, -14.1997, -12.5225,  ..., -13.5359, -14.6286, -14.9174],
         [-11.5456, -11.3708, -11.0981,  ..., -10.4876, -10.8864, -11.7111],
         ...,
         [-10.8998, -10.1654,  -7.7732,  ...,  -9.6001, -10.3325, -10.7597],
         [-12.3220, -11.3645,  -9.7395,  ..., -11.4265, -12.1427, -12.7217],
         [-12.6248, -11.6397,  -9.2369,  ..., -10.9203, -11.7335, -12.6176]],

        [[-12.9521, -14.0752, -14.6596,  ..., -14.1870, -12.9941, -14.3384],
         [-13.9751, -13.1290, -11.3379,  ..., -12.6613, -13.1740, -13.4514],
         [-12.7907, -14.1352, -13.7112,  ..., -13.1520, -13.5634, -13.4573],
         ...,
         [-10.0086, -10.7318,  -7.3544,  ...,  -8.2822, -10.1597, -10.2776],
         [ -9.8830, -10.4681,  -7.0635,  ...,  -8.1746,  -9.8721,  -9.9865],
         [ -9.0757,  -9.7719,  -6.5333,  ...,  -7.2270,  -9.4970,  -8.9373]]],
       device='cuda:0', grad_fn=<_DDPSinkBackward>)
pred shape:torch.Size([4, 300, 166])
########################### label ###########################
tensor([[ 4,  4,  5,  ...,  1,  1,  1],
        [ 4,  5,  4,  ...,  1,  1,  1],
        [ 7,  8, 10,  ...,  1,  1,  1],
        [16,  8, 10,  ...,  1,  1,  1]], device='cuda:0')
label shape:torch.Size([4, 300])
########################### valid_len ###########################
tensor([166, 156,  80,  65], device='cuda:0')
valid_len shape:torch.Size([4])
########################### weights ###########################
tensor([[1, 1, 1,  ..., 0, 0, 0],
        [1, 1, 1,  ..., 0, 0, 0],
        [1, 1, 1,  ..., 0, 0, 0],
        [1, 1, 1,  ..., 0, 0, 0]], device='cuda:0')
########################### unweighted_loss ###########################
tensor([[1.3134e-03, 1.8683e-03, 4.2992e-02,  ..., 1.1793e+01, 1.2806e+01,
         1.2532e+01],
        [5.9815e-03, 3.3259e-03, 5.5031e-01,  ..., 1.1430e+01, 1.0373e+01,
         1.0151e+01],
        [9.4355e-03, 9.9681e-04, 3.6868e-01,  ..., 1.0165e+01, 1.1365e+01,
         1.1640e+01],
        [1.3248e-02, 3.2016e-03, 1.2039e-03,  ..., 1.0732e+01, 1.0468e+01,
         9.7719e+00]], device='cuda:0', grad_fn=<ViewBackward0>)
########################### weighted_loss ###########################
tensor([34.0055, 33.6478, 17.1720,  5.9694], device='cuda:0',
       grad_fn=<SumBackward1>)
########################### weighted_loss_valid ###########################
